-85.18,-120.0,-85.2,-104.5,-120.0,-120.0,1
-86.65,-120.0,-85.31,-88.0,-98.0,-120.0,1
-85.5,-120.0,-85.15,-85.0,-96.5,-120.0,1
-90.13,-120.0,-86.0,-102.0,-95.25,-120.0,1
-90.75,-120.0,-83.52,-103.5,-97.33,-120.0,1
-92.62,-120.0,-81.55,-83.75,-95.67,-120.0,1
-93.5,-120.0,-81.18,-120.0,-97.0,-120.0,1
-93.33,-120.0,-78.85,-85.0,-101.75,-120.0,1
-91.53,-120.0,-82.47,-91.0,-96.5,-120.0,1
-90.92,-120.0,-80.31,-120.0,-120.0,-120.0,1
-87.4,-120.0,-79.0,-89.0,-98.0,-120.0,1
-85.5,-120.0,-81.73,-93.0,-120.0,-120.0,1
-81.11,-120.0,-80.83,-104.0,-120.0,-120.0,1
-85.05,-120.0,-85.71,-92.5,-99.0,-120.0,1
-80.43,-120.0,-82.8,-120.0,-120.0,-120.0,1
-72.9,-120.0,-86.19,-90.0,-120.0,-120.0,1
-77.93,-120.0,-83.54,-94.0,-120.0,-120.0,1
-77.61,-120.0,-85.93,-80.33,-98.0,-120.0,1
-85.1,-120.0,-83.35,-86.0,-108.0,-120.0,1
-88.64,-120.0,-84.46,-99.0,-96.25,-120.0,1
-86.6,-120.0,-85.38,-91.0,-96.33,-120.0,1
-89.0,-120.0,-82.84,-103.0,-99.67,-120.0,1
-90.58,-120.0,-81.39,-83.0,-96.43,-120.0,1
-90.36,-120.0,-78.61,-94.5,-101.25,-120.0,1
-89.67,-120.0,-77.53,-92.0,-95.5,-120.0,1
-90.0,-120.0,-80.9,-84.0,-95.33,-120.0,1
-89.86,-120.0,-80.67,-98.0,-96.0,-120.0,1
-92.56,-120.0,-79.67,-81.0,-103.25,-120.0,1
-91.92,-120.0,-81.13,-101.5,-96.4,-120.0,1
-92.08,-120.0,-83.0,-87.0,-98.0,-120.0,1
-90.43,-120.0,-83.79,-88.0,-107.0,-120.0,1
-87.88,-120.0,-85.18,-97.67,-120.0,-120.0,1
-88.22,-120.0,-83.85,-86.0,-120.0,-120.0,1
-85.93,-120.0,-80.74,-94.0,-98.0,-120.0,1
-82.77,-120.0,-78.38,-106.5,-120.0,-120.0,1
-88.14,-120.0,-86.17,-104.5,-97.0,-120.0,1
-84.73,-120.0,-87.29,-106.0,-120.0,-120.0,1
-86.43,-120.0,-81.95,-120.0,-120.0,-120.0,1
-84.88,-120.0,-81.13,-120.0,-98.0,-120.0,1
-80.94,-120.0,-84.09,-91.0,-120.0,-120.0,1
-77.85,-120.0,-83.7,-105.5,-120.0,-120.0,1
-77.07,-120.0,-87.63,-105.5,-120.0,-120.0,1
-77.48,-120.0,-85.11,-94.0,-109.5,-120.0,1
-87.92,-120.0,-83.57,-100.5,-99.0,-120.0,1
-87.67,-120.0,-81.12,-84.0,-120.0,-120.0,1
-82.57,-120.0,-78.64,-97.5,-96.0,-120.0,1
-83.22,-120.0,-81.33,-83.5,-95.33,-120.0,1
-86.67,-120.0,-83.31,-100.0,-120.0,-120.0,1
-85.31,-120.0,-85.53,-98.67,-98.0,-120.0,1
-88.45,-120.0,-82.33,-83.5,-104.0,-120.0,1
-89.93,-120.0,-81.67,-86.33,-101.0,-120.0,1
-92.1,-120.0,-76.0,-85.0,-103.0,-120.0,1
-89.18,-120.0,-78.83,-120.0,-95.38,-120.0,1
-82.12,-120.0,-82.0,-95.75,-120.0,-120.0,1
-86.76,-120.0,-81.88,-85.0,-120.0,-120.0,1
-90.44,-120.0,-77.08,-93.5,-93.0,-120.0,1
-91.13,-120.0,-82.67,-91.0,-104.0,-120.0,1
-92.35,-120.0,-82.16,-96.0,-104.67,-120.0,1
-94.14,-120.0,-81.0,-88.0,-108.0,-120.0,1
-94.6,-120.0,-81.67,-89.5,-120.0,-120.0,1
-95.33,-120.0,-81.2,-88.0,-96.67,-120.0,1
-93.71,-120.0,-87.18,-101.5,-96.0,-120.0,1
-93.2,-120.0,-87.59,-120.0,-120.0,-120.0,1
-91.44,-120.0,-86.0,-120.0,-120.0,-120.0,1
-88.59,-120.0,-87.89,-94.0,-120.0,-120.0,1
-87.4,-120.0,-86.0,-102.5,-120.0,-120.0,1
-88.09,-120.0,-90.29,-120.0,-120.0,-120.0,1
-87.29,-120.0,-90.71,-88.33,-120.0,-120.0,1
-79.28,-120.0,-91.33,-120.0,-120.0,-120.0,1
-79.42,-120.0,-93.18,-120.0,-120.0,-120.0,1
-77.6,-120.0,-91.85,-88.67,-105.67,-120.0,1
-85.25,-120.0,-86.72,-88.67,-120.0,-120.0,1
-89.0,-120.0,-85.6,-120.0,-120.0,-120.0,1
-90.63,-120.0,-80.86,-91.0,-94.0,-120.0,1
-87.92,-120.0,-81.44,-107.0,-120.0,-120.0,1
-92.22,-120.0,-85.9,-91.0,-108.0,-120.0,1
-92.18,-120.0,-83.0,-87.0,-120.0,-120.0,1
-87.5,-120.0,-77.47,-89.33,-120.0,-120.0,1
-91.8,-120.0,-84.55,-105.0,-94.5,-120.0,1
-94.75,-120.0,-85.88,-95.67,-106.0,-120.0,1
-92.43,-120.0,-82.17,-120.0,-120.0,-120.0,1
-93.6,-120.0,-81.83,-86.0,-120.0,-120.0,1
-99.67,-120.0,-83.08,-108.5,-98.0,-120.0,1
-91.22,-120.0,-89.27,-120.0,-120.0,-120.0,1
-89.86,-120.0,-85.42,-105.5,-120.0,-120.0,1
-89.67,-120.0,-81.35,-94.0,-97.5,-120.0,1
-88.06,-120.0,-82.05,-94.0,-120.0,-120.0,1
-86.5,-120.0,-86.33,-107.0,-107.5,-120.0,1
-88.89,-120.0,-87.67,-120.0,-120.0,-120.0,1
-85.27,-120.0,-92.13,-96.0,-120.0,-120.0,1
-85.89,-120.0,-88.44,-94.0,-120.0,-120.0,1
-86.42,-120.0,-89.08,-120.0,-120.0,-120.0,1
-83.3,-120.0,-91.0,-120.0,-120.0,-120.0,1
-82.5,-120.0,-90.0,-120.0,-120.0,-120.0,1
-77.95,-120.0,-88.58,-95.0,-120.0,-120.0,1
-78.81,-120.0,-85.47,-82.5,-120.0,-120.0,1
-88.11,-120.0,-82.5,-85.0,-120.0,-120.0,1
-89.0,-120.0,-83.88,-107.0,-109.0,-120.0,1
-85.55,-120.0,-79.67,-106.5,-111.0,-120.0,1
-87.67,-120.0,-85.05,-106.0,-120.0,-120.0,1
-90.73,-120.0,-81.25,-86.0,-120.0,-120.0,1
-91.89,-120.0,-83.09,-91.0,-101.0,-120.0,1
-92.92,-120.0,-81.64,-120.0,-109.0,-120.0,1
-93.0,-120.0,-83.47,-91.0,-95.67,-120.0,1
-92.43,-120.0,-75.5,-107.0,-108.0,-120.0,1
-92.43,-120.0,-79.5,-120.0,-95.0,-120.0,1
-79.0,-120.0,-83.75,-101.5,-120.0,-120.0,1
-78.48,-120.0,-88.81,-88.0,-99.0,-120.0,1
-86.44,-120.0,-84.21,-94.0,-120.0,-120.0,1
-89.08,-120.0,-84.75,-98.0,-120.0,-120.0,1
-88.0,-120.0,-86.29,-104.0,-97.0,-120.0,1
-90.0,-120.0,-80.36,-120.0,-120.0,-120.0,1
-94.33,-120.0,-76.14,-84.5,-120.0,-120.0,1
-94.8,-120.0,-83.0,-87.0,-120.0,-120.0,1
-93.88,-120.0,-82.67,-106.5,-108.5,-120.0,1
-94.86,-120.0,-84.59,-120.0,-120.0,-120.0,1
-92.63,-120.0,-83.53,-120.0,-120.0,-120.0,1
-90.15,-120.0,-80.33,-120.0,-120.0,-120.0,1
-87.81,-120.0,-82.53,-97.0,-120.0,-120.0,1
-87.94,-120.0,-85.67,-103.0,-120.0,-120.0,1
-88.92,-120.0,-84.25,-103.33,-120.0,-120.0,1
-86.38,-120.0,-89.2,-103.5,-120.0,-120.0,1
-81.85,-120.0,-87.0,-105.0,-120.0,-120.0,1
-76.5,-120.0,-89.15,-89.0,-120.0,-120.0,1
-75.67,-120.0,-89.3,-120.0,-120.0,-120.0,1
-88.29,-120.0,-89.44,-83.0,-120.0,-120.0,1
-92.08,-120.0,-87.75,-120.0,-97.0,-120.0,1
-87.38,-120.0,-86.46,-92.33,-120.0,-120.0,1
-87.75,-120.0,-87.44,-93.0,-120.0,-120.0,1
-89.57,-120.0,-86.08,-93.5,-120.0,-120.0,1
-90.83,-120.0,-81.43,-90.33,-120.0,-120.0,1
-88.63,-120.0,-75.17,-89.0,-96.0,-120.0,1
-91.64,-120.0,-76.84,-93.0,-120.0,-120.0,1
-93.38,-120.0,-80.82,-101.67,-120.0,-120.0,1
-90.77,-120.0,-83.64,-120.0,-120.0,-120.0,1
-94.57,-120.0,-84.08,-89.0,-120.0,-120.0,1
-94.43,-120.0,-83.5,-120.0,-108.0,-120.0,1
-94.0,-120.0,-84.71,-120.0,-120.0,-120.0,1
-92.67,-120.0,-84.88,-94.5,-120.0,-120.0,1
-91.07,-120.0,-83.23,-101.5,-120.0,-120.0,1
-89.27,-120.0,-80.88,-92.0,-97.0,-120.0,1
-86.57,-120.0,-90.0,-120.0,-120.0,-120.0,1
-86.38,-120.0,-87.4,-92.0,-120.0,-120.0,1
-85.92,-120.0,-88.22,-90.5,-120.0,-120.0,1
-87.76,-120.0,-83.72,-120.0,-120.0,-120.0,1
-85.29,-120.0,-89.75,-120.0,-120.0,-120.0,1
-84.82,-120.0,-87.7,-120.0,-120.0,-120.0,1
-84.47,-120.0,-89.4,-88.0,-120.0,-120.0,1
-79.5,-120.0,-86.88,-85.0,-120.0,-120.0,1
-80.76,-120.0,-86.26,-98.33,-120.0,-120.0,1
-89.29,-120.0,-85.2,-103.5,-120.0,-120.0,1
-89.04,-120.0,-85.96,-87.0,-120.0,-120.0,1
-79.0,-120.0,-82.5,-106.0,-120.0,-120.0,1
-84.06,-120.0,-85.95,-88.0,-120.0,-120.0,1
-88.7,-120.0,-86.8,-100.0,-120.0,-120.0,1
-90.92,-120.0,-85.77,-104.0,-99.5,-120.0,1
-87.17,-120.0,-86.25,-87.0,-120.0,-120.0,1
-90.08,-120.0,-85.6,-98.0,-108.0,-120.0,1
-91.25,-120.0,-81.9,-120.0,-120.0,-120.0,1
-92.78,-120.0,-78.85,-87.0,-96.0,-120.0,1
-94.73,-120.0,-77.5,-101.0,-95.86,-120.0,2
-95.2,-120.0,-76.44,-96.67,-97.0,-120.0,2
-94.8,-120.0,-80.25,-96.0,-95.75,-120.0,2
-94.0,-120.0,-77.13,-94.33,-96.2,-120.0,2
-95.83,-120.0,-75.73,-82.0,-92.0,-120.0,2
-100.5,-120.0,-78.1,-86.0,-95.38,-120.0,2
-94.0,-120.0,-80.44,-120.0,-94.43,-120.0,2
-93.46,-120.0,-76.53,-79.33,-94.8,-120.0,2
-88.27,-120.0,-78.76,-120.0,-120.0,-120.0,2
-92.75,-120.0,-74.83,-89.5,-98.0,-120.0,2
-94.36,-120.0,-75.23,-99.0,-109.0,-120.0,2
-91.2,-120.0,-76.62,-120.0,-120.0,-120.0,2
-91.54,-120.0,-78.27,-120.0,-96.5,-120.0,2
-91.7,-120.0,-76.0,-82.67,-106.0,-120.0,2
-97.0,-120.0,-78.6,-100.5,-91.0,-120.0,2
-103.0,-120.0,-80.0,-86.0,-108.5,-120.0,2
-96.0,-120.0,-74.57,-90.0,-95.83,-120.0,2
-94.33,-120.0,-76.0,-104.0,-106.0,-120.0,2
-98.4,-120.0,-76.25,-78.0,-96.0,-120.0,2
-94.17,-120.0,-82.19,-79.33,-96.38,-120.0,2
-91.86,-120.0,-78.27,-120.0,-96.5,-120.0,2
-89.1,-120.0,-81.38,-86.0,-95.0,-120.0,2
-94.0,-120.0,-76.79,-102.5,-96.0,-120.0,2
-91.71,-120.0,-76.5,-120.0,-111.67,-120.0,2
-91.69,-120.0,-76.18,-93.0,-96.0,-120.0,2
-94.25,-120.0,-77.73,-88.0,-97.4,-120.0,2
-93.75,-120.0,-81.18,-86.67,-97.0,-120.0,2
-97.5,-120.0,-75.14,-120.0,-95.2,-120.0,2
-93.57,-120.0,-81.57,-106.0,-98.0,-120.0,2
-93.75,-120.0,-74.19,-85.0,-95.57,-120.0,2
-93.8,-120.0,-76.33,-90.5,-96.86,-120.0,2
-96.14,-120.0,-74.0,-81.67,-96.2,-120.0,2
-92.83,-120.0,-76.39,-84.33,-94.63,-120.0,2
-92.4,-120.0,-80.59,-77.0,-95.1,-120.0,2
-94.25,-120.0,-83.0,-98.0,-94.88,-120.0,2
-94.4,-120.0,-81.0,-85.0,-94.67,-120.0,2
-92.25,-120.0,-77.85,-90.0,-120.0,-120.0,2
-92.91,-120.0,-71.53,-79.0,-96.2,-120.0,2
-92.5,-120.0,-74.31,-88.0,-109.0,-120.0,2
-90.6,-120.0,-74.14,-108.0,-104.67,-120.0,2
-93.46,-120.0,-79.61,-106.0,-120.0,-120.0,2
-91.79,-120.0,-78.38,-88.0,-108.5,-120.0,2
-94.71,-120.0,-79.86,-97.0,-94.0,-120.0,2
-102.5,-120.0,-78.06,-120.0,-93.5,-120.0,2
-97.4,-120.0,-76.35,-101.0,-95.88,-120.0,2
-94.63,-120.0,-75.56,-82.0,-108.0,-120.0,2
-96.5,-120.0,-76.86,-99.5,-94.43,-120.0,2
-93.36,-120.0,-80.86,-120.0,-94.0,-120.0,2
-91.91,-120.0,-75.65,-89.5,-96.33,-120.0,2
-92.7,-120.0,-76.48,-106.0,-120.0,-120.0,2
-91.0,-120.0,-75.11,-104.5,-120.0,-120.0,2
-92.38,-120.0,-78.43,-90.0,-96.83,-120.0,2
-95.63,-120.0,-74.71,-96.0,-96.5,-120.0,2
-95.0,-120.0,-79.18,-99.5,-93.8,-120.0,2
-120.0,-120.0,-80.92,-87.5,-120.0,-120.0,2
-120.0,-120.0,-82.59,-98.33,-120.0,-120.0,2
-95.5,-120.0,-78.06,-92.5,-109.0,-120.0,2
-95.0,-120.0,-78.88,-86.0,-97.5,-120.0,2
-120.0,-120.0,-78.47,-120.0,-93.8,-120.0,2
-120.0,-120.0,-80.4,-83.0,-120.0,-120.0,2
-98.25,-120.0,-81.6,-85.5,-96.0,-120.0,2
-96.33,-120.0,-81.74,-101.5,-94.2,-120.0,2
-93.82,-120.0,-77.3,-82.5,-95.17,-120.0,2
-91.0,-120.0,-79.63,-120.0,-120.0,-120.0,2
-96.63,-120.0,-72.38,-120.0,-95.0,-120.0,2
-93.33,-120.0,-79.27,-90.0,-120.0,-120.0,2
-94.17,-120.0,-79.72,-120.0,-120.0,-120.0,2
-93.18,-120.0,-81.53,-97.0,-120.0,-120.0,2
-97.5,-120.0,-78.06,-104.5,-96.33,-120.0,2
-95.0,-120.0,-76.31,-99.0,-96.0,-120.0,2
-102.67,-120.0,-77.57,-103.0,-120.0,-120.0,2
-120.0,-120.0,-78.05,-104.0,-98.5,-120.0,2
-94.0,-120.0,-79.82,-90.0,-95.0,-120.0,2
-96.13,-120.0,-81.6,-97.75,-100.5,-120.0,2
-95.75,-120.0,-81.95,-99.0,-95.73,-120.0,2
-93.67,-120.0,-80.95,-80.5,-103.33,-120.0,2
-89.5,-120.0,-80.74,-86.0,-99.0,-120.0,2
-92.56,-120.0,-74.8,-104.0,-97.0,-120.0,2
-94.4,-120.0,-79.53,-91.5,-120.0,-120.0,2
-93.73,-120.0,-81.84,-95.75,-97.0,-120.0,2
-93.4,-120.0,-82.31,-88.0,-120.0,-120.0,2
-93.0,-120.0,-86.38,-98.0,-120.0,-120.0,2
-96.5,-120.0,-81.0,-90.0,-92.5,-120.0,2
-101.0,-120.0,-79.75,-109.0,-96.0,-120.0,2
-94.21,-120.0,-82.91,-88.0,-109.0,-120.0,2
-95.25,-120.0,-80.94,-85.0,-120.0,-120.0,2
-95.5,-120.0,-76.26,-101.5,-95.2,-120.0,2
-99.14,-120.0,-83.47,-83.33,-103.33,-120.0,2
-93.0,-120.0,-84.05,-104.5,-103.0,-120.0,2
-90.08,-120.0,-84.54,-99.0,-109.0,-120.0,2
-94.83,-120.0,-79.44,-103.0,-97.25,-120.0,2
-92.4,-120.0,-72.88,-94.0,-94.6,-120.0,2
-93.4,-120.0,-77.33,-95.0,-95.33,-120.0,2
-93.2,-120.0,-78.2,-120.0,-108.0,-120.0,2
-93.86,-120.0,-81.83,-106.5,-120.0,-120.0,2
-93.57,-120.0,-79.31,-82.0,-94.5,-120.0,2
-95.25,-120.0,-78.68,-106.0,-96.0,-120.0,2
-99.0,-120.0,-81.67,-99.5,-98.0,-120.0,2
-94.0,-120.0,-78.67,-89.0,-120.0,-120.0,2
-108.5,-120.0,-80.0,-95.0,-98.0,-120.0,2
-95.25,-120.0,-81.86,-120.0,-94.33,-120.0,2
-93.5,-120.0,-78.19,-95.0,-93.6,-120.0,2
-93.77,-120.0,-73.35,-86.0,-120.0,-120.0,2
-94.0,-120.0,-78.25,-120.0,-120.0,-120.0,2
-94.0,-120.0,-77.85,-87.5,-97.0,-120.0,2
-100.8,-120.0,-80.2,-86.0,-96.0,-120.0,2
-101.17,-120.0,-81.63,-93.5,-120.0,-120.0,2
-95.75,-120.0,-77.19,-102.0,-120.0,-120.0,2
-108.0,-120.0,-75.92,-82.0,-97.0,-120.0,2
-95.33,-120.0,-78.69,-84.0,-120.0,-120.0,2
-95.0,-120.0,-77.18,-84.0,-120.0,-120.0,2
-95.0,-120.0,-80.73,-120.0,-98.0,-120.0,2
-111.33,-120.0,-82.53,-105.5,-108.0,-120.0,2
-93.38,-120.0,-84.79,-81.5,-109.0,-120.0,2
-91.18,-120.0,-80.43,-78.0,-98.0,-120.0,2
-95.0,-120.0,-80.7,-86.5,-107.5,-120.0,2
-96.75,-120.0,-73.88,-103.5,-120.0,-120.0,2
-96.38,-120.0,-79.55,-100.0,-96.0,-120.0,2
-93.75,-120.0,-75.33,-93.0,-120.0,-120.0,2
-95.0,-120.0,-77.39,-98.67,-120.0,-120.0,2
-94.2,-120.0,-80.38,-92.5,-98.33,-120.0,2
-96.0,-120.0,-78.89,-84.5,-120.0,-120.0,2
-102.25,-120.0,-75.76,-91.0,-97.0,-120.0,2
-101.67,-120.0,-81.0,-85.5,-120.0,-120.0,2
-94.25,-120.0,-81.06,-92.0,-96.0,-120.0,2
-94.83,-120.0,-84.08,-93.67,-96.25,-120.0,2
-94.29,-120.0,-82.7,-120.0,-96.5,-120.0,2
-92.17,-120.0,-81.86,-78.0,-103.67,-120.0,2
-92.75,-120.0,-80.9,-102.0,-120.0,-120.0,2
-104.33,-120.0,-80.06,-92.0,-120.0,-120.0,2
-94.4,-120.0,-73.79,-107.5,-120.0,-120.0,2
-109.0,-120.0,-77.47,-87.5,-120.0,-120.0,2
-96.0,-120.0,-80.76,-91.0,-95.33,-120.0,2
-106.5,-120.0,-76.08,-120.0,-120.0,-120.0,2
-94.5,-120.0,-78.38,-84.5,-120.0,-120.0,2
-95.0,-120.0,-78.13,-103.0,-97.0,-120.0,2
-94.0,-120.0,-75.33,-97.0,-107.0,-120.0,2
-103.0,-120.0,-74.5,-84.0,-120.0,-120.0,2
-96.4,-120.0,-75.8,-95.0,-103.25,-120.0,2
-94.17,-120.0,-84.42,-101.0,-97.5,-120.0,2
-93.57,-120.0,-83.95,-82.0,-95.0,-120.0,2
-92.17,-120.0,-83.92,-92.67,-96.0,-120.0,2
-94.75,-120.0,-83.3,-120.0,-120.0,-120.0,2
-93.5,-120.0,-80.44,-82.0,-95.0,-120.0,2
-95.0,-120.0,-76.88,-82.5,-97.67,-120.0,2
-95.4,-120.0,-77.94,-107.5,-105.0,-120.0,2
-93.6,-120.0,-79.55,-90.0,-120.0,-120.0,2
-95.75,-120.0,-78.29,-103.0,-107.5,-120.0,2
-96.0,-120.0,-81.08,-104.0,-96.0,-120.0,2
-95.33,-120.0,-77.07,-103.5,-95.5,-120.0,2
-95.5,-120.0,-81.86,-85.5,-105.33,-120.0,2
-96.5,-120.0,-82.73,-103.0,-94.0,-120.0,2
-95.67,-120.0,-79.27,-104.0,-97.0,-120.0,2
-94.67,-120.0,-85.06,-81.0,-96.29,-120.0,2
-94.0,-120.0,-74.63,-106.0,-109.0,-120.0,2
-94.4,-120.0,-81.33,-86.0,-120.0,-120.0,2
-97.0,-120.0,-75.45,-102.5,-120.0,-120.0,2
-102.5,-120.0,-78.87,-90.5,-96.5,-120.0,2
-95.25,-120.0,-78.87,-86.67,-96.0,-120.0,2
-69.76,-120.0,-104.67,-120.0,-120.0,-120.0,100
-68.42,-120.0,-94.71,-120.0,-120.0,-120.0,100
-71.25,-120.0,-96.0,-120.0,-120.0,-120.0,100
-74.88,-120.0,-90.57,-120.0,-120.0,-120.0,100
-75.82,-120.0,-92.06,-120.0,-120.0,-120.0,100
-76.73,-120.0,-89.11,-120.0,-120.0,-120.0,100
-79.0,-120.0,-90.86,-95.0,-120.0,-120.0,100
-77.93,-120.0,-89.71,-95.0,-120.0,-120.0,100
-76.41,-120.0,-87.33,-94.0,-94.67,-120.0,100
-76.48,-120.0,-86.53,-87.5,-93.8,-120.0,100
-73.14,-120.0,-86.13,-93.5,-96.38,-120.0,100
-76.43,-120.0,-85.54,-90.5,-95.22,-120.0,100
-76.67,-120.0,-89.39,-86.0,-101.0,-120.0,100
-73.77,-120.0,-93.55,-120.0,-120.0,-120.0,100
-70.88,-120.0,-91.4,-120.0,-120.0,-120.0,100
-71.93,-120.0,-97.33,-120.0,-120.0,-120.0,100
-72.16,-120.0,-96.75,-120.0,-120.0,-120.0,100
-74.17,-120.0,-96.75,-120.0,-120.0,-120.0,100
-68.21,-120.0,-103.5,-120.0,-120.0,-120.0,100
-66.9,-120.0,-101.25,-120.0,-120.0,-120.0,100
-66.8,-120.0,-92.6,-120.0,-120.0,-120.0,100
-73.69,-120.0,-93.5,-94.0,-120.0,-120.0,100
-72.38,-120.0,-94.8,-109.5,-120.0,-120.0,100
-75.65,-120.0,-92.94,-108.5,-120.0,-120.0,100
-76.94,-120.0,-87.47,-120.0,-120.0,-120.0,100
-75.79,-120.0,-90.33,-97.0,-120.0,-120.0,100
-74.29,-120.0,-86.17,-108.0,-120.0,-120.0,100
-78.35,-120.0,-87.65,-78.5,-93.55,-120.0,100
-75.61,-120.0,-86.42,-85.0,-95.2,-120.0,100
-72.58,-120.0,-86.26,-108.0,-96.86,-120.0,100
-70.41,-120.0,-88.32,-99.67,-104.0,-120.0,100
-70.35,-120.0,-92.83,-120.0,-120.0,-120.0,100
-69.58,-120.0,-92.8,-120.0,-120.0,-120.0,100
-73.17,-120.0,-93.0,-97.0,-120.0,-120.0,100
-71.0,-120.0,-96.0,-109.0,-120.0,-120.0,100
-71.05,-120.0,-93.64,-120.0,-120.0,-120.0,100
-70.16,-120.0,-95.0,-120.0,-120.0,-120.0,100
-67.0,-120.0,-109.0,-120.0,-120.0,-120.0,100
-68.86,-120.0,-97.83,-120.0,-120.0,-120.0,100
-70.0,-120.0,-95.0,-120.0,-120.0,-120.0,100
-68.85,-120.0,-95.43,-120.0,-120.0,-120.0,100
-73.52,-120.0,-94.33,-96.0,-120.0,-120.0,100
-78.86,-120.0,-95.0,-120.0,-120.0,-120.0,100
-76.41,-120.0,-93.67,-120.0,-120.0,-120.0,100
-70.47,-120.0,-93.3,-120.0,-120.0,-120.0,100
-69.42,-120.0,-87.1,-120.0,-120.0,-120.0,100
-72.17,-120.0,-90.11,-120.0,-120.0,-120.0,100
-77.9,-120.0,-88.28,-120.0,-120.0,-120.0,100
-75.38,-120.0,-87.24,-105.0,-120.0,-120.0,100
-72.79,-120.0,-87.56,-87.0,-93.5,-120.0,100
-76.82,-120.0,-90.27,-102.0,-98.5,-120.0,100
-76.31,-120.0,-88.0,-86.0,-94.0,-120.0,100
-72.6,-120.0,-86.55,-101.5,-95.43,-120.0,100
-68.48,-120.0,-112.67,-120.0,-120.0,-120.0,100
-69.23,-120.0,-100.2,-120.0,-120.0,-120.0,100
-72.33,-120.0,-120.0,-120.0,-120.0,-120.0,100
-77.57,-120.0,-94.38,-120.0,-120.0,-120.0,100
-78.38,-120.0,-92.54,-120.0,-120.0,-120.0,100
-76.83,-120.0,-93.11,-120.0,-120.0,-120.0,100
-79.15,-120.0,-95.86,-120.0,-120.0,-120.0,100
-80.5,-120.0,-94.0,-99.0,-120.0,-120.0,100
-80.9,-120.0,-96.0,-105.0,-120.0,-120.0,100
-80.53,-120.0,-90.06,-93.0,-120.0,-120.0,100
-77.61,-120.0,-91.38,-93.0,-101.0,-120.0,100
-80.0,-120.0,-91.67,-120.0,-120.0,-120.0,100
-70.87,-120.0,-90.63,-107.0,-120.0,-120.0,100
-71.89,-120.0,-95.29,-98.0,-120.0,-120.0,100
-66.82,-120.0,-93.8,-120.0,-120.0,-120.0,100
-63.19,-120.0,-97.5,-120.0,-120.0,-120.0,100
-66.07,-120.0,-120.0,-120.0,-120.0,-120.0,100
-68.32,-120.0,-107.5,-120.0,-120.0,-120.0,100
-66.3,-120.0,-120.0,-120.0,-120.0,-120.0,100
-69.27,-120.0,-120.0,-120.0,-120.0,-120.0,100
-72.09,-120.0,-120.0,-120.0,-120.0,-120.0,100
-74.19,-120.0,-96.8,-120.0,-120.0,-120.0,100
-77.33,-120.0,-94.0,-120.0,-120.0,-120.0,100
-79.32,-120.0,-95.0,-120.0,-120.0,-120.0,100
-80.32,-120.0,-92.9,-120.0,-120.0,-120.0,100
-80.8,-120.0,-92.29,-120.0,-120.0,-120.0,100
-80.88,-120.0,-92.86,-95.0,-120.0,-120.0,100
-82.88,-120.0,-89.31,-87.0,-95.0,-120.0,100
-79.53,-120.0,-90.42,-106.0,-120.0,-120.0,100
-75.67,-120.0,-90.13,-120.0,-120.0,-120.0,100
-73.11,-120.0,-95.25,-105.25,-120.0,-120.0,100
-77.14,-120.0,-92.57,-120.0,-120.0,-120.0,100
-79.13,-120.0,-96.2,-120.0,-120.0,-120.0,100
-73.92,-120.0,-97.5,-120.0,-120.0,-120.0,100
-69.78,-120.0,-120.0,-120.0,-120.0,-120.0,100
-72.35,-120.0,-97.0,-120.0,-120.0,-120.0,100
-72.94,-120.0,-96.0,-120.0,-120.0,-120.0,100
-72.8,-120.0,-99.4,-120.0,-120.0,-120.0,100
-72.4,-120.0,-120.0,-120.0,-120.0,-120.0,100
-74.78,-120.0,-95.0,-120.0,-120.0,-120.0,100
-65.12,-120.0,-96.0,-120.0,-120.0,-120.0,100
-75.24,-120.0,-103.33,-120.0,-120.0,-120.0,100
-79.23,-120.0,-97.25,-120.0,-120.0,-120.0,100
-73.62,-120.0,-104.33,-120.0,-120.0,-120.0,100
-68.47,-120.0,-90.0,-120.0,-120.0,-120.0,100
-72.19,-120.0,-89.83,-120.0,-120.0,-120.0,100
-79.19,-120.0,-94.17,-120.0,-120.0,-120.0,100
-75.15,-120.0,-92.17,-120.0,-120.0,-120.0,100
-76.05,-120.0,-93.08,-93.0,-120.0,-120.0,100
-73.81,-120.0,-89.06,-92.0,-97.0,-120.0,100
-74.92,-120.0,-90.5,-120.0,-120.0,-120.0,100
-78.81,-120.0,-84.26,-91.0,-95.0,-120.0,100
-77.5,-120.0,-85.33,-120.0,-120.0,-120.0,100
-75.65,-120.0,-120.0,-120.0,-120.0,-120.0,100
-74.57,-120.0,-95.0,-120.0,-120.0,-120.0,100
-75.2,-120.0,-120.0,-120.0,-120.0,-120.0,100
-77.0,-120.0,-96.5,-120.0,-120.0,-120.0,100
-81.55,-120.0,-96.27,-120.0,-120.0,-120.0,100
-78.64,-120.0,-93.88,-120.0,-120.0,-120.0,100
-77.71,-120.0,-94.25,-120.0,-120.0,-120.0,100
-77.71,-120.0,-94.14,-120.0,-120.0,-120.0,100
-83.62,-120.0,-94.08,-95.0,-120.0,-120.0,100
-82.78,-120.0,-93.12,-90.5,-120.0,-120.0,100
-81.09,-120.0,-92.0,-96.75,-99.0,-120.0,100
-78.18,-120.0,-91.3,-120.0,-96.0,-120.0,100
-77.27,-120.0,-90.56,-120.0,-120.0,-120.0,100
-79.18,-120.0,-94.57,-95.0,-120.0,-120.0,100
-73.25,-120.0,-94.67,-120.0,-120.0,-120.0,100
-70.48,-120.0,-97.0,-120.0,-120.0,-120.0,100
-72.17,-120.0,-96.33,-120.0,-120.0,-120.0,100
-74.13,-120.0,-106.8,-120.0,-120.0,-120.0,100
-78.06,-120.0,-110.0,-120.0,-120.0,-120.0,100
-74.12,-120.0,-120.0,-120.0,-120.0,-120.0,100
-69.79,-120.0,-95.67,-120.0,-120.0,-120.0,100
-78.83,-120.0,-105.33,-120.0,-120.0,-120.0,100
-72.92,-120.0,-98.0,-120.0,-120.0,-120.0,100
-75.86,-120.0,-120.0,-120.0,-120.0,-120.0,100
-75.93,-120.0,-96.11,-120.0,-120.0,-120.0,100
-81.18,-120.0,-95.36,-120.0,-120.0,-120.0,100
-79.0,-120.0,-94.5,-120.0,-120.0,-120.0,100
-79.29,-120.0,-90.3,-86.0,-96.0,-120.0,100
-79.06,-120.0,-88.5,-86.0,-120.0,-120.0,100
-73.13,-120.0,-89.47,-89.67,-120.0,-120.0,100
-72.17,-120.0,-89.31,-90.0,-98.0,-120.0,100
-75.05,-120.0,-92.58,-120.0,-120.0,-120.0,100
-73.5,-120.0,-90.79,-120.0,-120.0,-120.0,100
-73.78,-120.0,-93.83,-120.0,-120.0,-120.0,100
-69.53,-120.0,-96.25,-120.0,-120.0,-120.0,100
-72.43,-120.0,-103.0,-120.0,-120.0,-120.0,100
-70.74,-120.0,-120.0,-120.0,-120.0,-120.0,100
-72.1,-120.0,-120.0,-120.0,-120.0,-120.0,100
-70.88,-120.0,-120.0,-120.0,-120.0,-120.0,100
-69.72,-120.0,-96.0,-120.0,-120.0,-120.0,100
-70.1,-120.0,-120.0,-120.0,-120.0,-120.0,100
-74.74,-120.0,-96.0,-120.0,-120.0,-120.0,100
-78.19,-120.0,-108.5,-120.0,-120.0,-120.0,100
-78.0,-120.0,-120.0,-120.0,-120.0,-120.0,100
-71.41,-120.0,-94.86,-120.0,-120.0,-120.0,100
-73.19,-120.0,-94.56,-109.0,-120.0,-120.0,100
-74.77,-120.0,-94.88,-120.0,-120.0,-120.0,100
-78.15,-120.0,-91.22,-120.0,-120.0,-120.0,100
-78.27,-120.0,-93.5,-106.5,-120.0,-120.0,100
-76.52,-120.0,-91.24,-91.0,-120.0,-120.0,100
-77.26,-120.0,-91.15,-91.5,-95.5,-120.0,100
-77.06,-120.0,-89.86,-100.67,-102.5,-120.0,100
-80.35,-120.0,-90.64,-120.0,-95.33,-120.0,100
-87.5,-120.0,-82.6,-120.0,-94.14,-120.0,101
-91.73,-120.0,-80.58,-86.0,-93.5,-120.0,101
-90.89,-120.0,-79.71,-89.0,-94.38,-120.0,101
-92.29,-120.0,-81.67,-102.0,-92.5,-120.0,101
-93.6,-120.0,-81.45,-83.0,-94.83,-120.0,101
-93.9,-120.0,-78.93,-80.0,-94.75,-120.0,101
-95.1,-120.0,-79.29,-120.0,-94.11,-120.0,101
-86.89,-120.0,-81.83,-87.0,-90.86,-120.0,101
-90.3,-120.0,-80.71,-78.0,-94.0,-120.0,101
-88.92,-120.0,-86.28,-99.67,-103.5,-120.0,101
-90.73,-120.0,-89.69,-109.5,-107.0,-120.0,101
-91.43,-120.0,-88.53,-98.0,-104.67,-120.0,101
-88.73,-120.0,-87.9,-102.0,-96.5,-120.0,101
-86.82,-120.0,-88.06,-89.5,-106.0,-120.0,101
-84.68,-120.0,-89.71,-107.5,-95.5,-120.0,101
-81.53,-120.0,-86.62,-82.0,-96.5,-120.0,101
-86.44,-120.0,-82.69,-103.5,-94.88,-120.0,101
-88.69,-120.0,-81.1,-79.0,-93.56,-120.0,101
-92.54,-120.0,-79.53,-95.33,-92.87,-120.0,101
-93.17,-120.0,-79.8,-86.5,-92.1,-120.0,101
-93.56,-120.0,-78.3,-74.0,-93.9,-120.0,101
-93.09,-120.0,-77.75,-95.67,-92.79,-120.0,101
-94.14,-120.0,-78.07,-75.0,-95.29,-120.0,101
-95.0,-120.0,-75.47,-91.67,-94.5,-120.0,101
-94.0,-120.0,-77.47,-76.33,-94.18,-120.0,101
-85.4,-120.0,-76.31,-80.0,-94.45,-120.0,101
-85.43,-120.0,-75.71,-92.67,-91.27,-120.0,101
-87.92,-120.0,-81.14,-97.67,-92.5,-120.0,101
-87.86,-120.0,-83.47,-92.0,-94.8,-120.0,101
-90.56,-120.0,-75.41,-99.0,-97.0,-120.0,101
-87.92,-120.0,-83.46,-92.0,-98.0,-120.0,101
-89.5,-120.0,-80.11,-105.0,-97.0,-120.0,101
-90.11,-120.0,-83.9,-102.5,-96.0,-120.0,101
-86.33,-120.0,-84.6,-102.0,-94.57,-120.0,101
-87.43,-120.0,-86.05,-106.0,-97.75,-120.0,101
-86.53,-120.0,-85.5,-89.5,-98.33,-120.0,101
-87.6,-120.0,-86.5,-91.0,-103.0,-120.0,101
-88.0,-120.0,-83.71,-86.67,-97.2,-120.0,101
-83.09,-120.0,-87.23,-95.0,-104.33,-120.0,101
-80.88,-120.0,-83.71,-103.5,-93.25,-120.0,101
-80.73,-120.0,-84.83,-86.0,-96.0,-120.0,101
-85.67,-120.0,-81.42,-102.5,-94.9,-120.0,101
-90.93,-120.0,-80.75,-96.33,-93.71,-120.0,101
-89.23,-120.0,-82.0,-93.0,-90.6,-120.0,101
-92.23,-120.0,-81.42,-95.0,-89.11,-120.0,101
-93.77,-120.0,-79.19,-100.0,-93.33,-120.0,101
-93.46,-120.0,-81.08,-78.33,-92.89,-120.0,101
-88.17,-120.0,-80.33,-82.0,-90.56,-120.0,101
-93.55,-120.0,-79.47,-120.0,-93.08,-120.0,101
-93.71,-120.0,-77.91,-120.0,-93.09,-120.0,101
-83.69,-120.0,-79.33,-79.0,-92.17,-120.0,101
-90.71,-120.0,-87.15,-106.5,-100.5,-120.0,101
-91.3,-120.0,-85.92,-120.0,-100.0,-120.0,101
-93.29,-120.0,-88.0,-106.0,-109.0,-120.0,101
-88.0,-120.0,-87.36,-88.0,-102.6,-120.0,101
-94.36,-120.0,-84.53,-105.0,-98.0,-120.0,101
-94.14,-120.0,-86.91,-102.0,-102.5,-120.0,101
-93.71,-120.0,-81.31,-86.0,-93.83,-120.0,101
-95.33,-120.0,-81.87,-95.5,-93.83,-120.0,101
-97.75,-120.0,-77.92,-89.0,-94.43,-120.0,101
-86.6,-120.0,-80.8,-77.0,-95.17,-120.0,101
-89.7,-120.0,-86.23,-120.0,-109.0,-120.0,101
-90.11,-120.0,-90.67,-90.0,-120.0,-120.0,101
-92.14,-120.0,-87.33,-120.0,-120.0,-120.0,101
-93.0,-120.0,-88.85,-105.5,-97.0,-120.0,101
-91.42,-120.0,-90.25,-120.0,-120.0,-120.0,101
-90.21,-120.0,-89.87,-120.0,-97.0,-120.0,101
-85.73,-120.0,-92.7,-94.0,-120.0,-120.0,101
-84.77,-120.0,-89.29,-107.5,-94.8,-120.0,101
-87.06,-120.0,-85.94,-120.0,-94.6,-120.0,101
-88.8,-120.0,-85.09,-87.67,-95.5,-120.0,101
-93.0,-120.0,-86.64,-89.33,-101.43,-120.0,101
-93.67,-120.0,-81.5,-120.0,-95.25,-120.0,101
-96.33,-120.0,-82.56,-120.0,-103.67,-120.0,101
-96.67,-120.0,-83.86,-81.0,-97.29,-120.0,101
-95.2,-120.0,-80.36,-96.0,-96.0,-120.0,101
-102.33,-120.0,-75.46,-120.0,-101.0,-120.0,101
-96.5,-120.0,-77.19,-102.5,-97.0,-120.0,101
-97.0,-120.0,-77.73,-120.0,-95.57,-120.0,101
-87.2,-120.0,-81.84,-87.0,-95.0,-120.0,101
-88.69,-120.0,-84.05,-100.33,-96.25,-120.0,101
-86.57,-120.0,-85.64,-105.0,-120.0,-120.0,101
-91.18,-120.0,-83.17,-89.0,-94.67,-120.0,101
-91.17,-120.0,-85.0,-120.0,-98.0,-120.0,101
-91.08,-120.0,-84.95,-88.0,-120.0,-120.0,101
-91.44,-120.0,-86.5,-92.0,-120.0,-120.0,101
-89.92,-120.0,-87.06,-100.0,-99.5,-120.0,101
-89.18,-120.0,-90.9,-107.0,-98.0,-120.0,101
-88.29,-120.0,-87.86,-90.0,-108.5,-120.0,101
-91.75,-120.0,-90.2,-106.5,-108.0,-120.0,101
-89.67,-120.0,-88.63,-87.0,-97.0,-120.0,101
-87.62,-120.0,-89.43,-105.5,-120.0,-120.0,101
-84.59,-120.0,-89.0,-85.0,-98.33,-120.0,101
-81.71,-120.0,-89.87,-120.0,-96.4,-120.0,101
-83.77,-120.0,-86.53,-102.0,-94.67,-120.0,101
-91.0,-120.0,-86.0,-103.0,-94.83,-120.0,101
-93.25,-120.0,-82.17,-86.0,-94.43,-120.0,101
-94.62,-120.0,-81.48,-84.5,-95.6,-120.0,101
-91.0,-120.0,-85.29,-82.0,-94.4,-120.0,101
-94.55,-120.0,-80.38,-86.33,-94.45,-120.0,101
-91.25,-120.0,-79.05,-90.0,-93.78,-120.0,101
-93.5,-120.0,-80.13,-100.5,-94.22,-120.0,101
-101.75,-120.0,-80.44,-78.0,-92.67,-120.0,101
-91.43,-120.0,-77.92,-120.0,-94.6,-120.0,101
-92.1,-120.0,-88.46,-120.0,-120.0,-120.0,101
-94.0,-120.0,-90.67,-94.0,-120.0,-120.0,101
-87.75,-120.0,-82.88,-120.0,-94.78,-120.0,101
-96.29,-120.0,-81.83,-83.67,-95.8,-120.0,101
-91.0,-120.0,-79.67,-105.5,-95.5,-120.0,101
-91.33,-120.0,-82.36,-95.0,-95.6,-120.0,101
-93.11,-120.0,-85.06,-106.0,-93.0,-120.0,101
-96.33,-120.0,-82.0,-120.0,-94.33,-120.0,101
-94.6,-120.0,-80.93,-82.5,-94.43,-120.0,101
-90.33,-120.0,-78.09,-101.0,-96.13,-120.0,101
-89.73,-120.0,-80.5,-105.0,-94.2,-120.0,101
-90.35,-120.0,-86.71,-93.0,-94.0,-120.0,101
-91.0,-120.0,-86.05,-91.5,-120.0,-120.0,101
-91.67,-120.0,-83.64,-95.5,-109.0,-120.0,101
-92.55,-120.0,-86.71,-90.67,-94.0,-120.0,101
-89.64,-120.0,-87.5,-91.0,-120.0,-120.0,101
-88.24,-120.0,-88.63,-90.5,-96.25,-120.0,101
-87.0,-120.0,-90.38,-120.0,-95.0,-120.0,101
-84.38,-120.0,-87.84,-88.0,-99.0,-120.0,101
-89.67,-120.0,-85.67,-97.33,-98.0,-120.0,101
-89.64,-120.0,-85.59,-90.33,-96.0,-120.0,101
-91.6,-120.0,-82.65,-120.0,-102.5,-120.0,101
-92.2,-120.0,-82.75,-92.0,-97.25,-120.0,101
-94.78,-120.0,-85.64,-97.33,-108.5,-120.0,101
-94.33,-120.0,-80.9,-83.0,-97.6,-120.0,101
-96.33,-120.0,-81.4,-101.0,-120.0,-120.0,101
-94.5,-120.0,-81.0,-101.0,-100.0,-120.0,101
-92.67,-120.0,-78.55,-80.0,-104.0,-120.0,101
-89.9,-120.0,-75.9,-80.0,-95.67,-120.0,101
-89.86,-120.0,-81.42,-88.5,-93.4,-120.0,101
-90.69,-120.0,-82.68,-91.0,-91.8,-120.0,101
-90.5,-120.0,-84.36,-82.0,-98.14,-120.0,101
-90.5,-120.0,-80.0,-106.0,-96.25,-120.0,101
-90.15,-120.0,-84.28,-107.0,-105.0,-120.0,101
-91.4,-120.0,-83.91,-92.5,-109.5,-120.0,101
-91.7,-120.0,-83.17,-103.5,-97.0,-120.0,101
-89.22,-120.0,-88.0,-85.0,-95.75,-120.0,101
-89.56,-120.0,-87.69,-86.5,-120.0,-120.0,101
-87.83,-120.0,-82.82,-92.0,-95.33,-120.0,101
-87.85,-120.0,-87.0,-98.67,-107.0,-120.0,101
-89.31,-120.0,-84.6,-103.0,-106.0,-120.0,101
-88.91,-120.0,-83.5,-120.0,-100.75,-120.0,101
-85.0,-120.0,-86.79,-87.67,-105.0,-120.0,101
-82.54,-120.0,-85.74,-100.67,-104.67,-120.0,101
-88.0,-120.0,-85.5,-106.0,-97.67,-120.0,101
-90.33,-120.0,-83.92,-83.0,-108.0,-120.0,101
-90.38,-120.0,-84.67,-97.67,-92.0,-120.0,101
-91.5,-120.0,-85.62,-84.5,-95.75,-120.0,101
-93.0,-120.0,-82.43,-82.0,-108.5,-120.0,101
-90.73,-120.0,-82.0,-81.0,-93.6,-120.0,101
-95.0,-120.0,-82.05,-104.0,-93.75,-120.0,101
-92.0,-120.0,-79.45,-120.0,-94.4,-120.0,101
-92.09,-120.0,-78.59,-94.0,-96.25,-120.0,101
-87.67,-120.0,-80.3,-83.5,-94.17,-120.0,101
-90.62,-120.0,-85.46,-120.0,-103.0,-120.0,101
-105.8,-120.0,-68.18,-97.0,-102.0,-120.0,102
-120.0,-120.0,-69.44,-73.67,-93.29,-120.0,102
-94.5,-120.0,-66.9,-73.33,-88.78,-120.0,102
-95.33,-120.0,-65.21,-97.0,-89.8,-120.0,102
-103.0,-120.0,-60.68,-72.5,-91.1,-120.0,102
-96.0,-120.0,-64.94,-75.0,-90.36,-120.0,102
-102.5,-120.0,-69.24,-99.5,-87.47,-120.0,102
-120.0,-120.0,-76.25,-100.5,-88.33,-120.0,102
-97.0,-120.0,-74.91,-97.0,-85.93,-120.0,102
-94.71,-120.0,-68.25,-74.0,-87.0,-120.0,102
-94.43,-120.0,-67.25,-100.0,-94.38,-120.0,102
-93.0,-120.0,-61.8,-84.5,-97.4,-120.0,102
-94.6,-120.0,-61.5,-104.0,-94.75,-120.0,102
-94.27,-120.0,-58.81,-90.0,-96.6,-120.0,102
-94.43,-120.0,-64.6,-98.67,-108.5,-120.0,102
-93.69,-120.0,-65.43,-86.67,-120.0,-120.0,102
-94.5,-120.0,-64.53,-104.0,-97.25,-120.0,102
-93.5,-120.0,-71.0,-86.0,-120.0,-120.0,102
-93.36,-120.0,-78.95,-86.5,-97.0,-120.0,102
-90.16,-120.0,-73.81,-84.33,-95.5,-120.0,102
-95.33,-120.0,-72.44,-85.5,-90.8,-120.0,102
-96.0,-120.0,-72.0,-91.33,-85.95,-120.0,102
-94.0,-120.0,-70.53,-98.0,-88.2,-120.0,102
-95.0,-120.0,-67.14,-74.0,-91.87,-120.0,102
-111.0,-120.0,-65.13,-92.67,-91.0,-120.0,102
-95.8,-120.0,-65.56,-120.0,-88.9,-120.0,102
-94.0,-120.0,-65.35,-73.0,-86.06,-120.0,102
-100.25,-120.0,-62.56,-74.67,-88.13,-120.0,102
-109.0,-120.0,-65.05,-72.0,-88.8,-120.0,102
-96.5,-120.0,-65.24,-95.33,-89.5,-120.0,102
-101.6,-120.0,-66.82,-71.0,-89.38,-120.0,102
-96.0,-120.0,-68.68,-120.0,-88.89,-120.0,102
-96.5,-120.0,-64.8,-75.33,-84.21,-120.0,102
-96.6,-120.0,-67.8,-106.0,-88.1,-120.0,102
-101.0,-120.0,-76.22,-83.5,-87.65,-120.0,102
-96.8,-120.0,-73.26,-93.5,-84.95,-120.0,102
-96.25,-120.0,-70.9,-97.5,-84.9,-120.0,102
-94.53,-120.0,-70.8,-99.5,-90.4,-120.0,102
-94.33,-120.0,-68.61,-80.0,-90.6,-120.0,102
-92.62,-120.0,-68.19,-77.5,-94.0,-120.0,102
-92.82,-120.0,-62.38,-83.0,-93.79,-120.0,102
-91.27,-120.0,-59.15,-98.33,-94.67,-120.0,102
-91.0,-120.0,-61.5,-97.0,-94.17,-120.0,102
-91.1,-120.0,-69.86,-90.67,-96.0,-120.0,102
-91.89,-120.0,-62.18,-100.0,-96.0,-120.0,102
-88.92,-120.0,-67.71,-83.33,-93.89,-120.0,102
-90.91,-120.0,-70.27,-83.33,-94.25,-120.0,102
-92.64,-120.0,-67.85,-99.0,-95.43,-120.0,102
-91.5,-120.0,-73.59,-120.0,-95.4,-120.0,102
-89.5,-120.0,-73.94,-75.0,-92.83,-120.0,102
-92.83,-120.0,-69.32,-75.0,-89.96,-120.0,102
-96.4,-120.0,-66.33,-71.0,-88.14,-120.0,102
-97.0,-120.0,-66.58,-97.0,-88.76,-120.0,102
-114.37,-120.0,-70.92,-106.67,-94.57,-120.0,102
-96.2,-120.0,-67.0,-79.0,-96.75,-120.0,102
-97.0,-120.0,-64.07,-79.67,-92.57,-120.0,102
-108.5,-120.0,-63.72,-84.0,-91.09,-120.0,102
-120.0,-120.0,-61.35,-120.0,-91.23,-120.0,102
-120.0,-120.0,-58.64,-80.5,-92.38,-120.0,102
-98.0,-120.0,-65.5,-80.0,-89.93,-120.0,102
-103.67,-120.0,-74.0,-75.5,-90.24,-120.0,102
-95.5,-120.0,-74.53,-92.0,-90.05,-120.0,102
-102.0,-120.0,-70.54,-98.5,-92.58,-120.0,102
-120.0,-120.0,-66.31,-85.5,-110.5,-120.0,102
-96.0,-120.0,-64.91,-102.0,-98.0,-120.0,102
-95.0,-120.0,-64.56,-104.0,-103.33,-120.0,102
-95.33,-120.0,-66.38,-88.0,-120.0,-120.0,102
-101.17,-120.0,-66.08,-82.0,-120.0,-120.0,102
-94.2,-120.0,-69.6,-88.5,-93.5,-120.0,102
-95.0,-120.0,-73.07,-85.0,-108.5,-120.0,102
-95.2,-120.0,-75.65,-91.0,-97.0,-120.0,102
-92.67,-120.0,-79.67,-120.0,-106.5,-120.0,102
-93.11,-120.0,-76.0,-104.5,-107.5,-120.0,102
-94.33,-120.0,-69.75,-85.5,-91.4,-120.0,102
-108.5,-120.0,-72.87,-105.0,-92.22,-120.0,102
-92.5,-120.0,-70.17,-102.0,-91.2,-120.0,102
-93.0,-120.0,-64.75,-80.0,-93.0,-120.0,102
-109.0,-120.0,-64.06,-75.0,-93.6,-120.0,102
-120.0,-120.0,-66.81,-94.0,-97.33,-120.0,102
-96.25,-120.0,-65.84,-79.5,-94.67,-120.0,102
-120.0,-120.0,-67.63,-78.5,-92.0,-120.0,102
-120.0,-120.0,-65.43,-95.0,-91.2,-120.0,102
-120.0,-120.0,-66.79,-93.67,-92.8,-120.0,102
-120.0,-120.0,-69.63,-83.0,-91.8,-120.0,102
-108.75,-120.0,-72.12,-120.0,-90.3,-120.0,102
-120.0,-120.0,-74.53,-78.67,-85.45,-120.0,102
-120.0,-120.0,-74.16,-78.5,-87.9,-120.0,102
-120.0,-120.0,-77.88,-91.33,-90.5,-120.0,102
-110.0,-120.0,-76.67,-78.0,-90.5,-120.0,102
-98.0,-120.0,-71.8,-98.0,-87.0,-120.0,102
-94.33,-120.0,-72.83,-120.0,-104.67,-120.0,102
-94.75,-120.0,-73.89,-78.0,-90.43,-120.0,102
-94.5,-120.0,-69.24,-94.0,-94.5,-120.0,102
-99.0,-120.0,-69.43,-104.5,-98.57,-120.0,102
-94.6,-120.0,-66.93,-120.0,-108.0,-120.0,102
-93.45,-120.0,-74.55,-107.0,-93.43,-120.0,102
-94.33,-120.0,-71.29,-86.0,-97.0,-120.0,102
-95.89,-120.0,-67.77,-92.0,-95.5,-120.0,102
-101.67,-120.0,-75.78,-88.0,-109.5,-120.0,102
-92.5,-120.0,-72.44,-83.0,-93.11,-120.0,102
-93.13,-120.0,-72.25,-104.5,-96.75,-120.0,102
-93.5,-120.0,-82.47,-107.5,-120.0,-120.0,102
-95.0,-120.0,-78.95,-86.0,-92.2,-120.0,102
-120.0,-120.0,-68.0,-81.0,-93.5,-120.0,102
-97.75,-120.0,-67.17,-79.0,-92.5,-120.0,102
-109.0,-120.0,-63.32,-82.67,-91.23,-120.0,102
-115.6,-120.0,-76.73,-87.5,-94.67,-120.0,102
-96.5,-120.0,-72.74,-77.33,-94.5,-120.0,102
-96.17,-120.0,-70.0,-97.0,-93.0,-120.0,102
-103.0,-120.0,-68.88,-97.5,-90.89,-120.0,102
-95.4,-120.0,-71.0,-75.0,-93.63,-120.0,102
-104.67,-120.0,-63.79,-92.67,-93.55,-120.0,102
-97.5,-120.0,-68.67,-78.5,-91.17,-120.0,102
-108.5,-120.0,-65.36,-108.5,-90.83,-120.0,102
-120.0,-120.0,-72.6,-97.5,-89.21,-120.0,102
-120.0,-120.0,-73.23,-81.67,-90.36,-120.0,102
-109.0,-120.0,-71.38,-96.33,-98.43,-120.0,102
-97.0,-120.0,-66.9,-82.5,-95.0,-120.0,102
-100.0,-120.0,-63.5,-120.0,-108.5,-120.0,102
-105.0,-120.0,-60.53,-90.0,-96.0,-120.0,102
-94.8,-120.0,-65.31,-105.0,-95.5,-120.0,102
-91.0,-120.0,-66.36,-84.5,-120.0,-120.0,102
-96.29,-120.0,-66.67,-86.0,-108.5,-120.0,102
-96.2,-120.0,-70.71,-105.0,-101.0,-120.0,102
-95.2,-120.0,-73.05,-93.5,-120.0,-120.0,102
-95.64,-120.0,-77.0,-108.0,-98.0,-120.0,102
-94.0,-120.0,-74.88,-96.0,-93.5,-120.0,102
-102.25,-120.0,-74.69,-78.5,-91.67,-120.0,102
-94.6,-120.0,-75.43,-120.0,-91.6,-120.0,102
-96.83,-120.0,-73.65,-120.0,-94.5,-120.0,102
-100.5,-120.0,-69.61,-87.0,-95.67,-120.0,102
-120.0,-120.0,-74.47,-84.5,-97.5,-120.0,102
-96.5,-120.0,-69.69,-120.0,-90.92,-120.0,102
-95.33,-120.0,-66.22,-91.0,-88.59,-120.0,102
-105.33,-120.0,-66.21,-76.0,-93.19,-120.0,102
-97.67,-120.0,-70.4,-101.0,-93.36,-120.0,102
-97.0,-120.0,-73.36,-80.5,-91.67,-120.0,102
-104.0,-120.0,-70.33,-80.33,-89.0,-120.0,102
-120.0,-120.0,-67.69,-77.67,-93.22,-120.0,102
-120.0,-120.0,-68.71,-120.0,-89.5,-120.0,102
-94.8,-120.0,-71.0,-85.0,-90.23,-120.0,102
-95.33,-120.0,-74.0,-79.0,-88.85,-120.0,102
-97.5,-120.0,-78.4,-90.67,-89.13,-120.0,102
-95.0,-120.0,-74.35,-76.67,-86.64,-120.0,102
-97.0,-120.0,-74.6,-86.0,-92.67,-120.0,102
-105.0,-120.0,-73.38,-120.0,-84.86,-120.0,102
-96.0,-120.0,-69.14,-76.0,-92.0,-120.0,102
-120.0,-120.0,-63.93,-97.5,-91.27,-120.0,102
-120.0,-120.0,-67.84,-101.5,-96.5,-120.0,102
-95.67,-120.0,-68.4,-77.0,-90.0,-120.0,102
-95.29,-120.0,-71.69,-104.5,-93.25,-120.0,102
-95.0,-120.0,-67.67,-82.5,-120.0,-120.0,102
-98.33,-120.0,-70.1,-87.0,-95.33,-120.0,102
-94.4,-120.0,-74.69,-90.33,-90.64,-120.0,102
-92.75,-120.0,-72.79,-120.0,-94.55,-120.0,102
-92.86,-120.0,-74.57,-92.0,-98.0,-120.0,102
-93.08,-120.0,-73.67,-93.33,-92.5,-120.0,102
-91.28,-120.0,-72.32,-89.5,-92.0,-120.0,102
-95.5,-120.0,-72.53,-76.33,-91.83,-120.0,102
-110.5,-120.0,-69.94,-104.0,-94.73,-120.0,102
-96.25,-120.0,-78.62,-102.0,-86.55,-94.67,103
-97.0,-120.0,-78.53,-69.33,-87.33,-105.0,103
-120.0,-120.0,-76.78,-120.0,-90.0,-120.0,103
-120.0,-120.0,-81.08,-79.0,-91.13,-120.0,103
-120.0,-120.0,-80.79,-81.0,-90.0,-120.0,103
-120.0,-120.0,-86.38,-87.33,-93.27,-120.0,103
-120.0,-120.0,-85.83,-120.0,-93.33,-98.0,103
-120.0,-120.0,-85.14,-74.0,-91.71,-120.0,103
-120.0,-120.0,-83.5,-79.0,-91.4,-120.0,103
-120.0,-120.0,-83.24,-120.0,-90.07,-100.0,103
-120.0,-120.0,-83.67,-80.5,-91.11,-120.0,103
-97.0,-120.0,-83.21,-93.33,-92.56,-120.0,103
-101.4,-120.0,-79.0,-120.0,-85.35,-97.0,103
-105.33,-120.0,-80.79,-65.5,-81.0,-108.0,103
-110.5,-120.0,-79.73,-90.5,-84.0,-97.17,103
-97.0,-120.0,-75.47,-120.0,-89.69,-120.0,103
-96.86,-120.0,-77.07,-71.5,-87.5,-96.0,103
-97.0,-120.0,-78.1,-99.0,-87.85,-98.5,103
-106.0,-120.0,-75.44,-120.0,-86.36,-120.0,103
-100.0,-120.0,-78.08,-74.33,-88.1,-97.0,103
-120.0,-120.0,-80.2,-95.33,-92.11,-97.0,103
-101.0,-120.0,-83.75,-98.0,-91.07,-96.0,103
-120.0,-120.0,-85.18,-71.67,-90.07,-120.0,103
-120.0,-120.0,-79.31,-99.0,-88.15,-98.0,103
-115.82,-120.0,-82.47,-75.67,-87.91,-120.0,103
-95.67,-120.0,-79.5,-69.5,-88.83,-109.5,103
-104.0,-120.0,-79.05,-120.0,-85.89,-97.86,103
-94.33,-120.0,-82.44,-71.5,-82.0,-99.33,103
-94.83,-120.0,-80.36,-95.5,-81.87,-96.33,103
-106.5,-120.0,-76.5,-70.5,-92.5,-120.0,103
-95.25,-120.0,-77.63,-92.0,-89.14,-120.0,103
-93.0,-120.0,-77.71,-62.0,-86.4,-94.0,103
-97.33,-120.0,-80.57,-73.0,-85.38,-101.6,103
-97.75,-120.0,-74.2,-67.5,-87.45,-103.67,103
-95.0,-120.0,-74.06,-97.0,-92.64,-120.0,103
-120.0,-120.0,-82.25,-73.5,-87.79,-109.0,103
-98.0,-120.0,-80.84,-95.0,-89.94,-120.0,103
-120.0,-120.0,-85.85,-120.0,-89.0,-96.75,103
-120.0,-120.0,-79.57,-83.5,-92.91,-97.0,103
-96.0,-120.0,-79.77,-75.0,-93.67,-109.0,103
-112.67,-120.0,-80.71,-70.67,-87.56,-97.33,103
-120.0,-120.0,-84.0,-75.0,-91.25,-108.0,103
-120.0,-120.0,-79.53,-93.0,-89.5,-98.67,103
-94.0,-120.0,-80.45,-73.0,-91.44,-108.0,103
-94.75,-120.0,-75.6,-71.0,-90.95,-98.5,103
-95.67,-120.0,-74.94,-95.0,-86.87,-102.25,103
-109.0,-120.0,-79.05,-65.5,-85.39,-120.0,103
-120.0,-120.0,-82.18,-72.0,-82.73,-95.33,103
-106.8,-120.0,-79.0,-91.0,-88.11,-104.33,103
-101.67,-120.0,-76.93,-75.33,-93.5,-120.0,103
-93.4,-120.0,-76.17,-77.33,-90.43,-120.0,103
-120.0,-120.0,-79.22,-93.0,-88.5,-103.0,103
-120.0,-120.0,-84.4,-120.0,-88.09,-98.75,103
-120.0,-120.0,-82.2,-74.67,-90.82,-109.0,103
-103.2,-120.0,-75.0,-96.0,-91.31,-120.0,103
-95.33,-120.0,-76.33,-120.0,-92.33,-120.0,103
-105.33,-120.0,-82.46,-75.0,-93.92,-120.0,103
-120.0,-120.0,-77.92,-80.5,-91.88,-120.0,103
-120.0,-120.0,-82.5,-94.0,-90.9,-120.0,103
-120.0,-120.0,-82.42,-80.0,-94.33,-120.0,103
-120.0,-120.0,-83.2,-77.67,-93.56,-120.0,103
-120.0,-120.0,-84.93,-100.5,-92.2,-120.0,103
-120.0,-120.0,-79.67,-120.0,-95.4,-120.0,103
-120.0,-120.0,-81.38,-82.0,-91.0,-120.0,103
-120.0,-120.0,-81.0,-74.5,-92.58,-96.0,103
-120.0,-120.0,-83.05,-84.33,-94.4,-96.0,103
-120.0,-120.0,-70.8,-71.33,-87.85,-120.0,103
-96.33,-120.0,-75.38,-88.33,-83.14,-120.0,103
-96.4,-120.0,-80.71,-74.0,-84.63,-96.67,103
-98.0,-120.0,-80.21,-96.5,-91.71,-96.5,103
-120.0,-120.0,-77.38,-71.0,-91.64,-120.0,103
-96.67,-120.0,-78.76,-69.33,-92.17,-120.0,103
-120.0,-120.0,-78.67,-120.0,-90.2,-120.0,103
-120.0,-120.0,-81.6,-80.0,-93.0,-120.0,103
-120.0,-120.0,-83.55,-74.33,-91.4,-120.0,103
-120.0,-120.0,-84.0,-82.5,-93.4,-120.0,103
-120.0,-120.0,-86.57,-95.0,-92.17,-120.0,103
-120.0,-120.0,-77.67,-83.0,-90.46,-104.0,103
-120.0,-120.0,-76.68,-96.5,-93.0,-97.0,103
-96.0,-120.0,-74.92,-100.5,-91.4,-120.0,103
-97.25,-120.0,-70.36,-71.5,-91.89,-120.0,103
-96.33,-120.0,-76.06,-120.0,-85.78,-99.5,103
-108.0,-120.0,-81.33,-120.0,-85.78,-97.0,103
-102.33,-120.0,-78.59,-69.5,-90.91,-120.0,103
-120.0,-120.0,-78.44,-86.5,-91.29,-120.0,103
-95.25,-120.0,-82.82,-93.0,-90.07,-98.0,103
-109.5,-120.0,-82.0,-71.0,-88.43,-109.0,103
-96.0,-120.0,-77.9,-83.5,-93.27,-120.0,103
-120.0,-120.0,-78.08,-84.5,-93.0,-120.0,103
-96.0,-120.0,-81.22,-91.67,-89.56,-110.0,103
-120.0,-120.0,-86.58,-97.5,-93.22,-120.0,103
-120.0,-120.0,-85.31,-79.0,-92.71,-120.0,103
-120.0,-120.0,-86.59,-98.5,-92.29,-120.0,103
-120.0,-120.0,-82.33,-120.0,-93.36,-120.0,103
-120.0,-120.0,-82.36,-73.33,-91.75,-99.0,103
-120.0,-120.0,-80.47,-120.0,-91.89,-120.0,103
-120.0,-120.0,-81.2,-81.5,-91.63,-97.0,103
-98.0,-120.0,-76.46,-99.5,-93.17,-100.0,103
-118.86,-120.0,-76.5,-95.0,-89.22,-120.0,103
-97.0,-120.0,-79.2,-95.5,-86.61,-120.0,103
-120.0,-120.0,-83.21,-120.0,-87.0,-99.0,103
-100.0,-120.0,-83.42,-68.0,-85.38,-120.0,103
-108.0,-120.0,-79.12,-93.0,-85.21,-96.0,103
-120.0,-120.0,-79.4,-120.0,-93.63,-120.0,103
-120.0,-120.0,-79.5,-120.0,-92.67,-120.0,103
-101.5,-120.0,-77.69,-73.67,-86.75,-120.0,103
-95.0,-120.0,-81.71,-72.0,-89.91,-120.0,103
-120.0,-120.0,-83.12,-91.0,-90.62,-120.0,103
-96.4,-120.0,-81.21,-120.0,-90.91,-99.0,103
-98.0,-120.0,-76.67,-70.5,-88.75,-120.0,103
-120.0,-120.0,-79.46,-103.0,-91.25,-120.0,103
-120.0,-120.0,-80.91,-97.0,-93.57,-120.0,103
-120.0,-120.0,-83.46,-74.5,-102.67,-120.0,103
-120.0,-120.0,-85.43,-97.0,-90.38,-120.0,103
-120.0,-120.0,-86.7,-77.0,-93.8,-120.0,103
-120.0,-120.0,-86.07,-76.0,-94.2,-120.0,103
-120.0,-120.0,-80.21,-120.0,-94.8,-120.0,103
-120.0,-120.0,-87.15,-76.0,-94.46,-120.0,103
-120.0,-120.0,-86.36,-76.0,-94.5,-120.0,103
-120.0,-120.0,-83.38,-98.0,-95.0,-120.0,103
-120.0,-120.0,-78.06,-70.5,-87.12,-120.0,103
-120.0,-120.0,-80.05,-72.0,-88.59,-120.0,103
-108.0,-120.0,-80.44,-120.0,-87.38,-120.0,103
-109.5,-120.0,-81.56,-70.0,-91.2,-120.0,103
-96.0,-120.0,-78.79,-87.67,-87.53,-120.0,103
-95.0,-120.0,-76.06,-97.5,-86.86,-120.0,103
-109.5,-120.0,-74.44,-84.0,-90.3,-120.0,103
-120.0,-120.0,-75.92,-98.0,-89.17,-120.0,103
-120.0,-120.0,-79.1,-93.0,-92.4,-100.0,103
-120.0,-120.0,-83.68,-77.33,-91.77,-109.0,103
-120.0,-120.0,-80.75,-97.0,-90.69,-120.0,103
-120.0,-120.0,-80.0,-79.5,-92.21,-120.0,103
-120.0,-120.0,-79.84,-96.0,-89.45,-120.0,103
-98.0,-120.0,-78.82,-67.0,-91.67,-120.0,103
-120.0,-120.0,-78.52,-70.0,-89.0,-120.0,103
-97.0,-120.0,-80.91,-83.75,-87.35,-107.0,103
-117.6,-120.0,-81.5,-120.0,-84.13,-120.0,103
-116.88,-120.0,-78.57,-72.0,-89.17,-120.0,103
-97.0,-120.0,-79.29,-91.33,-87.29,-120.0,103
-95.43,-120.0,-80.3,-72.5,-87.71,-120.0,103
-95.0,-120.0,-80.25,-66.5,-91.67,-120.0,103
-120.0,-120.0,-78.69,-81.5,-93.0,-120.0,103
-120.0,-120.0,-80.93,-76.5,-90.6,-120.0,103
-107.0,-120.0,-79.21,-87.67,-88.92,-120.0,103
-120.0,-120.0,-82.81,-120.0,-92.57,-120.0,103
-120.0,-120.0,-86.7,-77.5,-89.88,-97.0,103
-120.0,-120.0,-80.67,-76.33,-92.07,-120.0,103
-120.0,-120.0,-82.38,-92.33,-91.82,-99.5,103
-120.0,-120.0,-80.19,-78.0,-92.92,-120.0,103
-120.0,-120.0,-82.18,-75.5,-90.91,-97.0,103
-120.0,-120.0,-83.0,-93.0,-90.5,-120.0,103
-120.0,-120.0,-82.15,-77.0,-91.1,-96.0,103
-96.5,-120.0,-79.25,-74.67,-88.85,-109.5,103
-95.0,-120.0,-77.65,-98.0,-84.95,-98.0,103
-105.33,-120.0,-80.38,-66.0,-87.82,-120.0,103
-120.0,-120.0,-79.4,-83.0,-85.33,-108.0,103
-120.0,-120.0,-78.38,-69.0,-87.67,-96.0,103
-120.0,-120.0,-79.63,-120.0,-92.55,-120.0,103
-94.5,-120.0,-78.18,-120.0,-89.82,-97.0,103
-96.5,-120.0,-76.0,-72.0,-90.75,-120.0,103
-109.5,-120.0,-78.84,-97.5,-88.46,-120.0,103
-120.0,-120.0,-88.73,-120.0,-78.06,-91.0,104
-120.0,-120.0,-93.36,-120.0,-81.0,-92.64,104
-120.0,-120.0,-91.13,-87.33,-78.14,-91.42,104
-120.0,-120.0,-92.6,-82.5,-76.68,-91.95,104
-120.0,-120.0,-89.77,-79.5,-77.53,-90.64,104
-120.0,-120.0,-90.95,-92.5,-72.85,-86.94,104
-120.0,-120.0,-89.63,-98.33,-68.72,-88.08,104
-120.0,-120.0,-91.71,-92.0,-70.5,-86.56,104
-100.0,-120.0,-88.35,-85.33,-66.26,-86.0,104
-120.0,-120.0,-89.45,-105.0,-66.48,-83.33,104
-120.0,-120.0,-86.36,-78.0,-62.4,-76.3,104
-120.0,-120.0,-87.1,-97.0,-63.71,-85.43,104
-120.0,-120.0,-87.69,-90.33,-68.24,-89.73,104
-120.0,-120.0,-89.22,-86.67,-74.76,-90.08,104
-120.0,-120.0,-89.5,-89.33,-79.17,-89.82,104
-120.0,-120.0,-87.38,-98.0,-78.71,-92.33,104
-120.0,-120.0,-86.81,-75.5,-77.63,-92.33,104
-96.5,-120.0,-85.11,-72.0,-77.47,-90.53,104
-108.0,-120.0,-84.42,-84.75,-81.93,-88.82,104
-120.0,-120.0,-89.06,-75.33,-82.67,-88.43,104
-120.0,-120.0,-93.6,-76.0,-78.65,-85.5,104
-120.0,-120.0,-93.5,-104.5,-73.0,-87.0,104
-120.0,-120.0,-95.33,-88.0,-69.32,-84.06,104
-120.0,-120.0,-87.18,-99.5,-70.3,-87.53,104
-120.0,-120.0,-84.78,-77.5,-69.04,-84.53,104
-107.0,-120.0,-85.65,-79.0,-68.28,-86.75,104
-120.0,-120.0,-88.41,-80.0,-65.69,-83.59,104
-120.0,-120.0,-87.96,-75.67,-69.11,-88.67,104
-97.0,-120.0,-85.45,-84.0,-83.71,-91.81,104
-98.33,-120.0,-83.94,-73.5,-83.56,-91.05,104
-109.0,-120.0,-82.13,-71.5,-83.53,-90.81,104
-108.5,-120.0,-79.83,-68.33,-82.3,-94.56,104
-100.0,-120.0,-82.36,-95.0,-81.0,-92.47,104
-120.0,-120.0,-90.0,-76.25,-80.0,-92.21,104
-120.0,-120.0,-85.13,-105.5,-81.25,-89.63,104
-120.0,-120.0,-82.4,-97.0,-79.0,-90.44,104
-120.0,-120.0,-90.36,-76.33,-76.76,-89.88,104
-120.0,-120.0,-88.94,-76.0,-79.4,-89.35,104
-120.0,-120.0,-87.07,-96.0,-75.88,-90.08,104
-120.0,-120.0,-90.46,-101.5,-75.38,-89.8,104
-120.0,-120.0,-88.21,-85.0,-71.69,-89.08,104
-120.0,-120.0,-88.43,-103.0,-72.21,-85.29,104
-120.0,-120.0,-88.94,-90.0,-65.74,-84.06,104
-120.0,-120.0,-87.53,-75.5,-68.15,-80.0,104
-120.0,-120.0,-86.25,-99.5,-63.65,-76.83,104
-120.0,-120.0,-85.71,-81.0,-71.36,-90.2,104
-120.0,-120.0,-89.18,-120.0,-73.58,-89.33,104
-120.0,-120.0,-84.53,-76.0,-82.29,-91.67,104
-120.0,-120.0,-82.42,-71.5,-78.88,-93.86,104
-120.0,-120.0,-86.0,-100.5,-77.73,-93.9,104
-120.0,-120.0,-92.62,-84.0,-78.29,-91.58,104
-120.0,-120.0,-90.38,-83.5,-75.0,-88.13,104
-120.0,-120.0,-89.1,-120.0,-75.64,-86.58,104
-120.0,-120.0,-91.46,-81.5,-72.44,-86.31,104
-120.0,-120.0,-91.33,-120.0,-80.09,-106.0,104
-120.0,-120.0,-92.45,-98.5,-79.05,-92.0,104
-120.0,-120.0,-91.09,-81.0,-77.59,-92.64,104
-120.0,-120.0,-95.4,-83.33,-78.21,-93.13,104
-120.0,-120.0,-94.17,-107.0,-75.27,-93.3,104
-120.0,-120.0,-92.67,-103.5,-77.69,-90.18,104
-120.0,-120.0,-90.46,-102.5,-71.2,-90.91,104
-120.0,-120.0,-87.44,-104.0,-73.09,-89.0,104
-120.0,-120.0,-87.57,-101.0,-74.22,-83.29,104
-120.0,-120.0,-88.25,-81.0,-66.79,-84.5,104
-120.0,-120.0,-89.91,-120.0,-64.0,-84.12,104
-120.0,-120.0,-88.14,-83.0,-67.0,-76.59,104
-120.0,-120.0,-89.0,-88.5,-68.1,-83.63,104
-120.0,-120.0,-88.82,-83.0,-70.06,-87.76,104
-120.0,-120.0,-90.33,-100.0,-75.17,-90.14,104
-120.0,-120.0,-86.0,-98.5,-79.5,-92.91,104
-120.0,-120.0,-89.33,-96.33,-79.55,-94.44,104
-95.0,-120.0,-87.94,-74.5,-75.88,-90.14,104
-120.0,-120.0,-89.17,-120.0,-83.67,-90.75,104
-120.0,-120.0,-89.77,-83.0,-86.24,-91.0,104
-120.0,-120.0,-94.0,-99.5,-79.05,-90.77,104
-120.0,-120.0,-93.22,-88.0,-75.0,-91.72,104
-120.0,-120.0,-89.6,-120.0,-70.89,-90.88,104
-120.0,-120.0,-87.0,-78.5,-65.5,-89.94,104
-120.0,-120.0,-85.78,-80.0,-62.5,-89.9,104
-96.0,-120.0,-90.1,-94.25,-63.63,-83.09,104
-120.0,-120.0,-89.75,-97.5,-74.21,-88.08,104
-120.0,-120.0,-89.29,-76.0,-70.57,-90.38,104
-120.0,-120.0,-87.91,-78.0,-82.44,-91.9,104
-120.0,-120.0,-87.74,-73.0,-84.59,-90.41,104
-120.0,-120.0,-88.42,-86.33,-82.07,-88.25,104
-120.0,-120.0,-83.89,-120.0,-84.13,-93.6,104
-120.0,-120.0,-80.07,-68.33,-78.58,-93.27,104
-120.0,-120.0,-89.0,-98.0,-80.11,-92.62,104
-120.0,-120.0,-91.44,-86.5,-79.33,-91.69,104
-120.0,-120.0,-85.75,-98.5,-80.19,-90.89,104
-120.0,-120.0,-92.08,-92.0,-80.31,-98.0,104
-120.0,-120.0,-87.58,-73.67,-80.17,-92.43,104
-120.0,-120.0,-90.33,-103.0,-76.45,-91.2,104
-120.0,-120.0,-91.67,-103.5,-74.12,-91.71,104
-120.0,-120.0,-89.67,-88.0,-74.33,-91.7,104
-120.0,-120.0,-88.21,-105.0,-65.5,-85.7,104
-120.0,-120.0,-91.5,-86.0,-62.93,-90.15,104
-120.0,-120.0,-89.8,-79.5,-65.65,-82.57,104
-120.0,-120.0,-89.31,-120.0,-66.36,-81.33,104
-108.0,-120.0,-89.71,-86.33,-67.25,-88.29,104
-120.0,-120.0,-91.56,-75.0,-79.08,-91.0,104
-120.0,-120.0,-84.0,-98.5,-83.44,-91.0,104
-120.0,-120.0,-80.79,-71.0,-84.24,-93.09,104
-120.0,-120.0,-91.5,-104.0,-78.54,-93.33,104
-120.0,-120.0,-90.75,-120.0,-79.0,-91.09,104
-120.0,-120.0,-93.1,-88.0,-80.53,-91.5,104
-120.0,-120.0,-93.79,-105.0,-77.53,-92.18,104
-120.0,-120.0,-93.38,-97.5,-79.09,-93.11,104
-120.0,-120.0,-101.8,-110.4,-84.05,-90.43,104
-120.0,-120.0,-90.67,-78.33,-76.56,-94.0,104
-120.0,-120.0,-91.86,-103.5,-77.28,-92.9,104
-120.0,-120.0,-92.0,-81.0,-76.67,-91.73,104
-120.0,-120.0,-93.47,-98.0,-77.21,-91.79,104
-120.0,-120.0,-92.31,-103.0,-70.56,-87.69,104
-120.0,-120.0,-92.57,-90.0,-69.63,-87.87,104
-120.0,-120.0,-89.44,-87.0,-67.12,-87.1,104
-120.0,-120.0,-89.25,-94.67,-64.2,-85.5,104
-120.0,-120.0,-88.72,-106.0,-67.0,-84.69,104
-120.0,-120.0,-90.11,-76.5,-70.95,-83.67,104
-120.0,-120.0,-90.47,-95.0,-68.59,-87.5,104
-120.0,-120.0,-91.6,-83.5,-73.19,-88.93,104
-120.0,-120.0,-93.45,-87.5,-78.38,-92.2,104
-120.0,-120.0,-89.77,-78.5,-75.95,-93.3,104
-120.0,-120.0,-89.19,-98.5,-76.67,-93.22,104
-120.0,-120.0,-90.75,-98.5,-81.0,-93.38,104
-120.0,-120.0,-82.87,-79.0,-82.9,-93.2,104
-120.0,-120.0,-86.11,-90.0,-84.86,-92.0,104
-120.0,-120.0,-93.6,-89.67,-79.58,-92.83,104
-120.0,-120.0,-94.71,-82.0,-77.17,-90.0,104
-120.0,-120.0,-93.43,-83.5,-68.2,-84.11,104
-120.0,-120.0,-92.07,-101.5,-70.35,-86.25,104
-120.0,-120.0,-88.5,-97.0,-68.91,-87.44,104
-120.0,-120.0,-90.75,-97.33,-68.72,-85.54,104
-120.0,-120.0,-90.86,-81.5,-69.83,-87.0,104
-120.0,-120.0,-87.71,-95.5,-71.27,-88.93,104
-120.0,-120.0,-87.19,-72.5,-80.78,-93.73,104
-99.0,-120.0,-86.21,-80.67,-86.05,-93.08,104
-120.0,-120.0,-84.73,-74.0,-87.0,-92.29,104
-120.0,-120.0,-83.58,-68.0,-84.0,-92.2,104
-120.0,-120.0,-86.42,-75.0,-81.13,-94.2,104
-120.0,-120.0,-90.4,-97.5,-81.8,-94.67,104
-120.0,-120.0,-89.79,-103.0,-82.93,-91.33,104
-120.0,-120.0,-84.44,-74.0,-83.46,-94.27,104
-120.0,-120.0,-88.64,-98.0,-79.18,-93.27,104
-120.0,-120.0,-88.25,-120.0,-82.17,-94.4,104
-120.0,-120.0,-91.33,-82.5,-80.25,-93.5,104
-120.0,-120.0,-94.14,-84.0,-78.26,-93.0,104
-120.0,-120.0,-94.22,-104.0,-69.78,-89.69,104
-120.0,-120.0,-88.25,-83.0,-71.0,-88.14,104
-120.0,-120.0,-91.4,-88.5,-69.84,-86.92,104
-120.0,-120.0,-89.25,-97.0,-67.0,-84.14,104
-120.0,-120.0,-90.53,-79.0,-68.4,-83.29,104
-120.0,-120.0,-90.38,-120.0,-71.11,-87.92,104
-120.0,-120.0,-91.38,-85.0,-80.9,-91.14,104
-120.0,-120.0,-86.23,-74.0,-85.44,-92.0,104
-120.0,-120.0,-85.36,-120.0,-82.86,-94.8,104
-120.0,-120.0,-93.57,-83.0,-85.0,-93.08,104
-120.0,-120.0,-93.5,-105.0,-80.0,-94.89,104
-120.0,-120.0,-91.64,-90.5,-77.89,-94.27,104
-120.0,-120.0,-93.5,-89.0,-73.38,-92.17,104
-120.0,-120.0,-90.9,-89.67,-73.33,-81.16,204
-120.0,-120.0,-92.32,-91.0,-77.2,-82.22,204
-120.0,-120.0,-91.11,-120.0,-76.54,-82.0,204
-120.0,-120.0,-91.25,-82.0,-77.05,-75.86,204
-120.0,-120.0,-93.75,-92.0,-77.38,-75.33,204
-120.0,-120.0,-89.44,-79.5,-79.62,-80.86,204
-120.0,-120.0,-93.83,-77.0,-82.4,-79.9,204
-120.0,-120.0,-92.75,-76.0,-79.43,-84.88,204
-120.0,-120.0,-93.7,-95.5,-83.11,-86.35,204
-120.0,-120.0,-94.07,-73.0,-83.38,-88.21,204
-120.0,-120.0,-92.67,-73.0,-82.4,-89.25,204
-120.0,-120.0,-91.3,-77.0,-79.15,-87.62,204
-120.0,-120.0,-92.1,-73.0,-79.25,-90.2,204
-120.0,-120.0,-93.8,-87.33,-78.87,-86.27,204
-120.0,-120.0,-94.25,-120.0,-78.18,-84.43,204
-120.0,-120.0,-92.4,-82.0,-77.64,-81.61,204
-120.0,-120.0,-92.25,-81.0,-75.17,-85.31,204
-120.0,-120.0,-92.6,-81.0,-71.94,-87.47,204
-120.0,-120.0,-92.0,-97.0,-75.58,-90.38,204
-120.0,-120.0,-89.89,-78.5,-71.89,-90.14,204
-120.0,-120.0,-91.09,-97.5,-71.25,-84.61,204
-120.0,-120.0,-93.67,-80.0,-74.57,-88.32,204
-120.0,-120.0,-91.8,-82.0,-75.24,-87.6,204
-120.0,-120.0,-88.86,-90.33,-73.92,-86.88,204
-120.0,-120.0,-94.67,-86.5,-75.69,-80.5,204
-120.0,-120.0,-93.4,-82.0,-78.82,-75.75,204
-120.0,-120.0,-91.27,-92.0,-79.16,-75.67,204
-120.0,-120.0,-92.75,-76.0,-78.52,-71.43,204
-120.0,-120.0,-92.75,-80.0,-79.16,-78.88,204
-120.0,-120.0,-95.0,-91.0,-79.48,-80.86,204
-120.0,-120.0,-94.0,-89.67,-78.33,-83.4,204
-120.0,-120.0,-94.89,-81.0,-81.73,-86.29,204
-120.0,-120.0,-93.5,-97.0,-80.75,-83.16,204
-120.0,-120.0,-93.82,-76.0,-82.5,-85.23,204
-120.0,-120.0,-94.43,-98.0,-84.5,-88.4,204
-120.0,-120.0,-93.0,-101.0,-79.6,-90.42,204
-120.0,-120.0,-93.5,-71.0,-78.0,-91.27,204
-120.0,-120.0,-93.45,-86.0,-78.69,-87.25,204
-120.0,-120.0,-92.19,-89.33,-80.83,-90.61,204
-120.0,-120.0,-90.88,-95.0,-80.25,-88.71,204
-120.0,-120.0,-94.0,-84.0,-78.89,-88.63,204
-120.0,-120.0,-95.29,-100.0,-74.52,-85.28,204
-120.0,-120.0,-95.33,-89.0,-76.36,-80.5,204
-120.0,-120.0,-93.88,-81.0,-77.72,-81.81,204
-120.0,-120.0,-93.67,-76.0,-75.19,-82.94,204
-120.0,-120.0,-93.36,-81.0,-71.45,-87.93,204
-120.0,-120.0,-95.13,-75.5,-74.74,-87.38,204
-120.0,-120.0,-94.38,-79.67,-79.0,-76.58,204
-120.0,-120.0,-93.33,-77.0,-77.65,-81.4,204
-120.0,-120.0,-95.9,-100.0,-78.89,-79.47,204
-120.0,-120.0,-92.31,-74.0,-78.05,-83.69,204
-120.0,-120.0,-91.75,-73.0,-80.83,-88.86,204
-120.0,-120.0,-89.77,-91.0,-78.63,-90.05,204
-120.0,-120.0,-95.67,-105.33,-80.18,-86.25,204
-120.0,-120.0,-94.0,-78.5,-82.25,-88.5,204
-120.0,-120.0,-93.77,-74.0,-78.94,-87.43,204
-120.0,-120.0,-93.11,-104.0,-82.47,-83.47,204
-120.0,-120.0,-95.5,-83.0,-84.27,-79.0,204
-120.0,-120.0,-97.63,-120.0,-83.0,-79.33,204
-120.0,-120.0,-110.0,-86.0,-85.85,-81.0,204
-120.0,-120.0,-96.0,-76.5,-83.29,-86.95,204
-120.0,-120.0,-96.67,-75.0,-83.38,-88.67,204
-120.0,-120.0,-97.5,-90.33,-85.17,-93.0,204
-120.0,-120.0,-120.0,-76.0,-87.69,-90.87,204
-120.0,-120.0,-95.57,-104.0,-86.71,-91.57,204
-120.0,-120.0,-101.17,-82.5,-82.67,-92.38,204
-120.0,-120.0,-95.5,-103.5,-83.75,-88.13,204
-120.0,-120.0,-94.0,-90.0,-80.5,-89.5,204
-120.0,-120.0,-94.0,-100.0,-80.9,-88.71,204
-120.0,-120.0,-100.75,-93.67,-82.76,-91.71,204
-120.0,-120.0,-95.83,-120.0,-79.18,-92.23,204
-120.0,-120.0,-95.56,-83.0,-76.8,-93.2,204
-120.0,-120.0,-94.36,-78.0,-74.55,-93.79,204
-120.0,-120.0,-101.67,-100.0,-73.43,-89.67,204
-120.0,-120.0,-93.69,-120.0,-78.58,-90.2,204
-120.0,-120.0,-94.5,-81.0,-78.1,-89.0,204
-120.0,-120.0,-115.0,-120.0,-82.73,-88.21,204
-120.0,-120.0,-108.0,-84.5,-80.2,-90.6,204
-120.0,-120.0,-96.17,-83.0,-82.81,-83.91,204
-120.0,-120.0,-94.44,-75.0,-83.69,-84.86,204
-120.0,-120.0,-95.2,-100.33,-82.17,-83.67,204
-120.0,-120.0,-96.75,-88.0,-83.53,-78.55,204
-120.0,-120.0,-98.0,-83.5,-84.59,-82.84,204
-120.0,-120.0,-100.8,-86.0,-84.52,-84.0,204
-120.0,-120.0,-95.33,-100.0,-84.0,-86.42,204
-120.0,-120.0,-100.0,-120.0,-85.69,-90.36,204
-120.0,-120.0,-94.0,-86.67,-84.75,-87.2,204
-120.0,-120.0,-95.5,-100.0,-86.59,-90.0,204
-120.0,-120.0,-98.5,-83.0,-85.07,-92.58,204
-120.0,-120.0,-94.5,-100.0,-83.46,-93.5,204
-120.0,-120.0,-94.83,-97.5,-86.22,-95.75,204
-120.0,-120.0,-94.67,-75.33,-84.46,-93.36,204
-120.0,-120.0,-94.0,-80.33,-83.74,-94.21,204
-120.0,-120.0,-95.25,-84.5,-81.75,-91.71,204
-120.0,-120.0,-99.57,-89.0,-79.22,-91.27,204
-120.0,-120.0,-96.8,-120.0,-82.93,-90.69,204
-120.0,-120.0,-97.75,-86.0,-77.11,-88.53,204
-120.0,-120.0,-94.29,-120.0,-78.8,-84.31,204
-120.0,-120.0,-95.5,-86.0,-83.27,-89.25,204
-120.0,-120.0,-94.0,-98.0,-77.1,-91.58,204
-120.0,-120.0,-95.25,-83.5,-82.84,-88.13,204
-120.0,-120.0,-94.38,-99.5,-82.31,-83.29,204
-120.0,-120.0,-103.0,-113.4,-82.27,-84.79,204
-120.0,-120.0,-94.25,-98.6,-83.0,-84.75,204
-120.0,-120.0,-92.6,-120.0,-81.09,-91.4,204
-120.0,-120.0,-94.33,-80.0,-81.78,-92.2,204
-120.0,-120.0,-100.8,-88.33,-80.0,-88.82,204
-120.0,-120.0,-95.0,-120.0,-80.57,-92.73,204
-120.0,-120.0,-94.17,-86.0,-82.57,-89.56,204
-120.0,-120.0,-95.0,-82.33,-79.69,-87.06,204
-120.0,-120.0,-120.0,-116.44,-82.89,-85.8,204
-120.0,-120.0,-97.33,-79.0,-84.56,-85.36,204
-120.0,-120.0,-106.0,-103.5,-86.2,-85.4,204
-120.0,-120.0,-105.33,-100.5,-87.88,-88.69,204
-120.0,-120.0,-103.67,-85.5,-86.71,-92.15,204
-120.0,-120.0,-94.0,-92.67,-91.82,-94.0,204
-120.0,-120.0,-120.0,-83.5,-89.06,-94.67,204
-120.0,-120.0,-95.67,-84.67,-85.53,-92.79,204
-120.0,-120.0,-97.5,-76.0,-86.36,-91.57,204
-120.0,-120.0,-120.0,-120.0,-84.11,-89.4,204
-120.0,-120.0,-96.5,-81.0,-86.0,-90.82,204
-120.0,-120.0,-96.0,-94.33,-82.94,-87.68,204
-120.0,-120.0,-103.33,-104.5,-82.0,-88.57,204
-120.0,-120.0,-95.8,-87.5,-80.46,-92.9,204
-120.0,-120.0,-100.0,-101.0,-80.39,-96.4,204
-120.0,-120.0,-95.75,-105.0,-75.92,-95.8,204
-120.0,-120.0,-100.33,-99.5,-76.21,-91.78,204
-120.0,-120.0,-98.0,-80.5,-78.27,-92.45,204
-120.0,-120.0,-95.0,-77.0,-80.08,-90.55,204
-120.0,-120.0,-94.8,-93.67,-80.76,-89.6,204
-120.0,-120.0,-107.0,-78.5,-76.85,-89.18,204
-120.0,-120.0,-98.0,-85.0,-80.63,-86.35,204
-120.0,-120.0,-105.0,-102.0,-84.05,-84.06,204
-120.0,-120.0,-95.0,-84.5,-84.29,-81.07,204
-120.0,-120.0,-120.0,-82.33,-85.92,-79.71,204
-120.0,-120.0,-96.67,-94.67,-82.22,-82.76,204
-120.0,-120.0,-107.5,-87.0,-84.0,-88.92,204
-120.0,-120.0,-108.0,-96.75,-87.47,-87.54,204
-120.0,-120.0,-108.17,-100.0,-85.82,-90.6,204
-120.0,-120.0,-95.5,-82.33,-87.0,-88.7,204
-120.0,-120.0,-120.0,-81.0,-87.91,-89.56,204
-120.0,-120.0,-95.0,-80.5,-85.63,-95.33,204
-120.0,-120.0,-108.0,-85.0,-89.58,-95.25,204
-120.0,-120.0,-97.33,-97.5,-85.56,-92.91,204
-120.0,-120.0,-103.33,-120.0,-81.9,-94.9,204
-120.0,-120.0,-96.25,-79.5,-86.11,-94.57,204
-120.0,-120.0,-101.5,-77.0,-84.06,-93.1,204
-120.0,-120.0,-107.0,-99.5,-82.43,-93.18,204
-120.0,-120.0,-120.0,-103.0,-86.09,-91.6,204
-120.0,-120.0,-101.0,-83.0,-80.85,-86.0,204
-120.0,-120.0,-105.67,-82.5,-82.18,-89.0,204
-120.0,-120.0,-94.5,-84.0,-83.28,-89.78,204
-120.0,-120.0,-108.5,-120.0,-81.08,-92.6,204
-120.0,-120.0,-117.9,-85.33,-86.44,-91.25,204
-120.0,-120.0,-103.1,-82.67,-85.67,-85.14,204
-120.0,-120.0,-98.5,-103.0,-84.82,-86.6,204
-120.0,-120.0,-97.5,-85.0,-89.14,-85.79,204
-120.0,-120.0,-102.25,-81.5,-84.16,-91.91,204
-120.0,-120.0,-98.43,-96.5,-83.95,-93.43,204
-120.0,-120.0,-95.5,-80.5,-83.76,-93.0,204
-120.0,-120.0,-95.5,-115.57,-85.1,-71.71,304
-120.0,-120.0,-120.0,-120.0,-93.75,-67.47,304
-120.0,-120.0,-120.0,-101.6,-90.22,-64.75,304
-120.0,-120.0,-120.0,-89.67,-93.71,-58.35,304
-120.0,-120.0,-120.0,-120.0,-91.67,-63.18,304
-120.0,-120.0,-120.0,-120.0,-90.6,-59.86,304
-120.0,-120.0,-120.0,-120.0,-93.9,-66.8,304
-120.0,-120.0,-120.0,-120.0,-94.82,-69.23,304
-120.0,-120.0,-120.0,-91.0,-91.44,-68.68,304
-120.0,-120.0,-120.0,-105.5,-87.72,-68.83,304
-120.0,-120.0,-120.0,-92.0,-89.5,-64.9,304
-120.0,-120.0,-120.0,-104.0,-86.73,-63.14,304
-120.0,-120.0,-120.0,-120.0,-89.18,-59.94,304
-120.0,-120.0,-120.0,-103.0,-87.75,-66.47,304
-120.0,-120.0,-96.33,-89.0,-82.2,-66.35,304
-120.0,-120.0,-100.33,-105.0,-82.68,-68.74,304
-120.0,-120.0,-120.0,-120.0,-90.33,-67.15,304
-120.0,-120.0,-120.0,-90.5,-93.71,-60.6,304
-120.0,-120.0,-120.0,-105.0,-93.53,-63.53,304
-120.0,-120.0,-120.0,-90.0,-90.73,-62.41,304
-120.0,-120.0,-120.0,-95.5,-92.0,-64.5,304
-120.0,-120.0,-120.0,-106.0,-92.4,-69.8,304
-120.0,-120.0,-120.0,-105.0,-93.58,-68.53,304
-120.0,-120.0,-120.0,-92.0,-88.29,-70.54,304
-120.0,-120.0,-120.0,-91.0,-87.33,-66.31,304
-120.0,-120.0,-120.0,-99.67,-86.21,-61.87,304
-120.0,-120.0,-120.0,-91.5,-86.33,-63.88,304
-120.0,-120.0,-120.0,-103.0,-84.57,-65.93,304
-120.0,-120.0,-120.0,-86.33,-86.44,-66.6,304
-120.0,-120.0,-120.0,-88.0,-89.87,-69.35,304
-120.0,-120.0,-111.5,-103.0,-89.45,-69.44,304
-120.0,-120.0,-120.0,-120.0,-91.07,-71.07,304
-120.0,-120.0,-120.0,-86.0,-90.0,-68.14,304
-120.0,-120.0,-120.0,-95.0,-89.6,-68.92,304
-120.0,-120.0,-120.0,-120.0,-88.47,-62.71,304
-120.0,-120.0,-120.0,-92.5,-90.1,-57.47,304
-120.0,-120.0,-120.0,-91.0,-84.0,-63.33,304
-120.0,-120.0,-107.0,-120.0,-81.5,-67.35,304
-120.0,-120.0,-120.0,-87.5,-89.0,-70.58,304
-120.0,-120.0,-120.0,-109.5,-90.07,-66.18,304
-120.0,-120.0,-120.0,-85.67,-89.61,-66.25,304
-120.0,-120.0,-120.0,-106.0,-92.17,-73.19,304
-120.0,-120.0,-120.0,-108.0,-93.29,-71.11,304
-120.0,-120.0,-120.0,-107.0,-88.85,-69.94,304
-120.0,-120.0,-120.0,-105.0,-89.55,-62.94,304
-120.0,-120.0,-120.0,-108.0,-90.33,-66.47,304
-120.0,-120.0,-120.0,-93.0,-86.88,-61.41,304
-120.0,-120.0,-120.0,-105.0,-90.32,-64.33,304
-120.0,-120.0,-98.0,-81.0,-88.52,-64.05,304
-120.0,-120.0,-108.5,-103.0,-87.29,-63.18,304
-120.0,-120.0,-96.0,-103.0,-84.69,-74.11,304
-120.0,-120.0,-95.67,-97.5,-86.95,-71.52,304
-120.0,-120.0,-120.0,-85.5,-91.08,-61.59,304
-120.0,-120.0,-120.0,-103.5,-87.5,-72.11,304
-120.0,-120.0,-120.0,-91.5,-89.86,-69.53,304
-120.0,-120.0,-120.0,-93.33,-93.23,-67.54,304
-120.0,-120.0,-120.0,-109.0,-92.5,-69.79,304
-120.0,-120.0,-120.0,-95.0,-96.33,-69.43,304
-120.0,-120.0,-120.0,-120.0,-95.18,-65.7,304
-120.0,-120.0,-120.0,-107.5,-94.6,-71.12,304
-120.0,-120.0,-120.0,-110.5,-96.0,-74.58,304
-120.0,-120.0,-120.0,-93.0,-94.0,-69.0,304
-120.0,-120.0,-120.0,-93.33,-93.0,-70.04,304
-120.0,-120.0,-120.0,-92.0,-95.11,-66.17,304
-120.0,-120.0,-120.0,-106.0,-91.73,-59.62,304
-120.0,-120.0,-120.0,-106.5,-92.67,-61.33,304
-120.0,-120.0,-120.0,-117.92,-94.33,-64.3,304
-120.0,-120.0,-120.0,-98.0,-89.27,-75.26,304
-120.0,-120.0,-120.0,-87.67,-89.11,-73.5,304
-120.0,-120.0,-120.0,-94.0,-93.29,-67.44,304
-120.0,-120.0,-120.0,-120.0,-97.5,-67.68,304
-120.0,-120.0,-120.0,-96.0,-93.8,-67.95,304
-120.0,-120.0,-120.0,-120.0,-94.09,-64.79,304
-120.0,-120.0,-120.0,-95.0,-93.22,-71.41,304
-120.0,-120.0,-120.0,-109.0,-100.75,-73.58,304
-120.0,-120.0,-120.0,-120.0,-94.38,-72.7,304
-120.0,-120.0,-120.0,-106.0,-90.93,-72.06,304
-120.0,-120.0,-120.0,-96.0,-91.6,-70.0,304
-120.0,-120.0,-120.0,-105.5,-91.0,-64.36,304
-120.0,-120.0,-120.0,-120.0,-92.57,-64.33,304
-120.0,-120.0,-120.0,-88.0,-92.93,-70.48,304
-120.0,-120.0,-120.0,-92.0,-91.92,-69.07,304
-120.0,-120.0,-120.0,-102.67,-93.0,-77.11,304
-120.0,-120.0,-120.0,-120.0,-95.11,-74.64,304
-120.0,-120.0,-120.0,-87.33,-93.7,-69.47,304
-120.0,-120.0,-120.0,-92.5,-91.13,-66.33,304
-120.0,-120.0,-120.0,-96.0,-92.76,-57.32,304
-120.0,-120.0,-120.0,-94.0,-91.64,-63.09,304
-120.0,-120.0,-120.0,-93.0,-87.47,-67.91,304
-120.0,-120.0,-120.0,-89.0,-87.29,-69.83,304
-120.0,-120.0,-120.0,-89.0,-88.65,-71.57,304
-120.0,-120.0,-120.0,-90.5,-93.43,-70.08,304
-120.0,-120.0,-120.0,-120.0,-93.75,-69.53,304
-120.0,-120.0,-120.0,-93.5,-93.0,-72.0,304
-120.0,-120.0,-120.0,-93.5,-95.0,-72.67,304
-120.0,-120.0,-120.0,-94.0,-94.13,-71.31,304
-120.0,-120.0,-120.0,-103.5,-93.17,-70.08,304
-120.0,-120.0,-120.0,-96.5,-96.83,-68.05,304
-120.0,-120.0,-120.0,-93.0,-92.0,-64.0,304
-120.0,-120.0,-120.0,-120.0,-89.38,-62.2,304
-120.0,-120.0,-120.0,-91.0,-93.91,-74.67,304
-120.0,-120.0,-107.0,-86.33,-85.22,-66.54,304
-120.0,-120.0,-120.0,-103.5,-81.86,-72.78,304
-120.0,-120.0,-98.5,-94.0,-90.07,-72.43,304
-120.0,-120.0,-120.0,-103.33,-93.46,-68.33,304
-120.0,-120.0,-120.0,-111.67,-90.44,-74.5,304
-120.0,-120.0,-120.0,-101.67,-93.67,-70.88,304
-120.0,-120.0,-120.0,-92.0,-91.55,-70.48,304
-120.0,-120.0,-120.0,-96.5,-95.33,-66.38,304
-120.0,-120.0,-120.0,-120.0,-108.0,-67.29,304
-120.0,-120.0,-120.0,-120.0,-96.56,-65.0,304
-120.0,-120.0,-120.0,-120.0,-108.0,-72.69,304
-120.0,-120.0,-120.0,-120.0,-109.0,-76.15,304
-120.0,-120.0,-120.0,-120.0,-94.0,-72.0,304
-120.0,-120.0,-120.0,-106.5,-93.57,-70.88,304
-120.0,-120.0,-120.0,-120.0,-93.83,-67.75,304
-120.0,-120.0,-120.0,-95.0,-94.38,-68.36,304
-120.0,-120.0,-120.0,-120.0,-93.0,-60.67,304
-120.0,-120.0,-120.0,-97.0,-95.5,-69.63,304
-120.0,-120.0,-120.0,-107.5,-89.44,-75.75,304
-120.0,-120.0,-120.0,-120.0,-89.07,-75.06,304
-120.0,-120.0,-120.0,-120.0,-92.33,-72.5,304
-120.0,-120.0,-120.0,-94.5,-95.0,-64.0,304
-120.0,-120.0,-120.0,-105.0,-96.75,-65.17,304
-120.0,-120.0,-120.0,-120.0,-108.5,-66.63,304
-120.0,-120.0,-120.0,-107.0,-94.75,-66.08,304
-120.0,-120.0,-120.0,-120.0,-97.5,-71.95,304
-120.0,-120.0,-120.0,-95.5,-106.0,-73.4,304
-120.0,-120.0,-120.0,-103.0,-93.55,-70.47,304
-120.0,-120.0,-120.0,-98.0,-94.5,-70.0,304
-120.0,-120.0,-120.0,-108.0,-94.38,-65.0,304
-120.0,-120.0,-120.0,-93.33,-93.22,-67.0,304
-120.0,-120.0,-120.0,-120.0,-91.69,-72.29,304
-120.0,-120.0,-120.0,-93.0,-94.45,-72.71,304
-120.0,-120.0,-120.0,-120.0,-94.38,-75.72,304
-120.0,-120.0,-120.0,-120.0,-96.36,-75.5,304
-120.0,-120.0,-120.0,-94.0,-94.67,-74.18,304
-120.0,-120.0,-120.0,-106.5,-95.0,-68.55,304
-120.0,-120.0,-120.0,-120.0,-93.08,-68.6,304
-120.0,-120.0,-120.0,-120.0,-92.7,-68.29,304
-120.0,-120.0,-120.0,-120.0,-95.0,-70.87,304
-120.0,-120.0,-120.0,-93.5,-91.73,-68.1,304
-120.0,-120.0,-120.0,-120.0,-91.93,-69.4,304
-120.0,-120.0,-120.0,-100.67,-94.78,-61.75,304
-120.0,-120.0,-120.0,-96.0,-94.18,-66.81,304
-120.0,-120.0,-120.0,-120.0,-93.0,-71.6,304
-120.0,-120.0,-120.0,-88.5,-95.6,-73.73,304
-120.0,-120.0,-120.0,-120.0,-95.0,-75.21,304
-120.0,-120.0,-120.0,-94.5,-91.75,-74.65,304
-120.0,-120.0,-120.0,-93.0,-95.71,-68.84,304
-120.0,-120.0,-120.0,-103.5,-94.0,-67.6,304
-120.0,-120.0,-120.0,-95.0,-94.14,-64.1,304
-120.0,-120.0,-120.0,-106.5,-92.75,-70.26,304
-120.0,-120.0,-120.0,-104.67,-92.5,-67.71,304
-120.0,-120.0,-120.0,-120.0,-90.5,-69.68,304
-120.0,-120.0,-120.0,-91.0,-88.69,-76.45,304
-120.0,-120.0,-120.0,-105.0,-90.46,-69.13,304
-120.0,-120.0,-120.0,-92.5,-90.26,-69.41,304
